-3,-3,0,-6.35574471586453e-11
-3,-2.79310344827586,0,-6.57815977626003e-11
-3,-2.58620689655172,0,-6.80710267465582e-11
-3,-2.37931034482759,0,-7.04116805939006e-11
-3,-2.17241379310345,0,-7.27843287385207e-11
-3,-1.96551724137931,0,-7.51637420176744e-11
-3,-1.75862068965517,0,-7.75180316827205e-11
-3,-1.55172413793103,0,-7.98083215764084e-11
-3,-1.3448275862069,0,-8.19889681741895e-11
-3,-1.13793103448276,0,-8.40085580421177e-11
-3,-0.931034482758621,0,-8.58118736762957e-11
-3,-0.724137931034483,0,-8.73429024174827e-11
-3,-0.517241379310345,0,-8.85487623042647e-11
-3,-0.310344827586207,0,-8.93841616742909e-11
-3,-0.103448275862069,0,-8.9815767431253e-11
-3,0.103448275862069,0,-8.98257279454376e-11
-3,0.310344827586207,0,-8.94136613984549e-11
-3,0.517241379310345,0,-8.85966937620153e-11
-3,0.724137931034483,0,-8.74075397809486e-11
-3,0.931034482758621,0,-8.58910310501167e-11
-3,1.13793103448276,0,-8.40997730040055e-11
-3,1.3448275862069,0,-8.20896836103152e-11
-3,1.55172413793103,0,-7.9916043606391e-11
-3,1.75862068965517,0,-7.76304500521157e-11
-3,1.96551724137931,0,-7.52788086103085e-11
-3,2.17241379310345,0,-7.29002972543932e-11
-3,2.37931034482759,0,-7.05271148104207e-11
-3,2.58620689655172,0,-6.81847863051978e-11
-3,2.79310344827586,0,-6.58928099515137e-11
-3,3,0,-6.36654716372359e-11
-2.79310344827586,-3,0,-6.57816190290897e-11
-2.79310344827586,-2.79310344827586,0,-6.82569303933213e-11
-2.79310344827586,-2.58620689655172,0,-7.08250959965846e-11
-2.79310344827586,-2.37931034482759,0,-7.34729475585259e-11
-2.79310344827586,-2.17241379310345,0,-7.61810545206561e-11
-2.79310344827586,-1.96551724137931,0,-7.89224093710235e-11
-2.79310344827586,-1.75862068965517,0,-8.16612028336288e-11
-2.79310344827586,-1.55172413793103,0,-8.43519236886808e-11
-2.79310344827586,-1.3448275862069,0,-8.69391099584068e-11
-2.79310344827586,-1.13793103448276,0,-8.93581452619192e-11
-2.79310344827586,-0.931034482758621,0,-9.15374877568658e-11
-2.79310344827586,-0.724137931034483,0,-9.34025816417643e-11
-2.79310344827586,-0.517241379310345,0,-9.48813941064433e-11
-2.79310344827586,-0.310344827586207,0,-9.59110678932708e-11
-2.79310344827586,-0.103448275862069,0,-9.64447018173441e-11
-2.79310344827586,0.103448275862069,0,-9.64569678194524e-11
-2.79310344827586,0.310344827586207,0,-9.59473302451233e-11
-2.79310344827586,0.517241379310345,0,-9.49401056135885e-11
-2.79310344827586,0.724137931034483,0,-9.34813516248023e-11
-2.79310344827586,0.931034482758621,0,-9.16333271022273e-11
-2.79310344827586,1.13793103448276,0,-8.94677446114895e-11
-2.79310344827586,1.3448275862069,0,-8.70591059686718e-11
-2.79310344827586,1.55172413793103,0,-8.44791184428728e-11
-2.79310344827586,1.75862068965517,0,-8.1792718212633e-11
-2.79310344827586,1.96551724137931,0,-7.90557746908878e-11
-2.79310344827586,2.17241379310345,0,-7.63142372059387e-11
-2.79310344827586,2.37931034482759,0,-7.36043418265754e-11
-2.79310344827586,2.58620689655172,0,-7.09534848431641e-11
-2.79310344827586,2.79310344827586,0,-6.83814337404848e-11
-2.79310344827586,3,0,-6.59016374994423e-11
-2.58620689655172,-3,0,-6.80710756600429e-11
-2.58620689655172,-2.79310344827586,0,-7.08251251579442e-11
-2.58620689655172,-2.58620689655172,0,-7.37068958883222e-11
-2.58620689655172,-2.37931034482759,0,-7.67054905960282e-11
-2.58620689655172,-2.17241379310345,0,-7.98026531998045e-11
-2.58620689655172,-1.96551724137931,0,-8.29707730492822e-11
-2.58620689655172,-1.75862068965517,0,-8.6170810640794e-11
-2.58620689655172,-1.55172413793103,0,-8.93504382377417e-11
-2.58620689655172,-1.3448275862069,0,-9.24428651009601e-11
-2.58620689655172,-1.13793103448276,0,-9.53669921117484e-11
-2.58620689655172,-0.931034482758621,0,-9.80296335075394e-11
-2.58620689655172,-0.724137931034483,0,-1.00330431484881e-10
-2.58620689655172,-0.517241379310345,0,-1.02169650230913e-10
-2.58620689655172,-0.310344827586207,0,-1.03458245089441e-10
-2.58620689655172,-0.103448275862069,0,-1.04128646998784e-10
-2.58620689655172,0.103448275862069,0,-1.0414399288876e-10
-2.58620689655172,0.310344827586207,0,-1.03503513269746e-10
-2.58620689655172,0.517241379310345,0,-1.0224262849929e-10
-2.58620689655172,0.724137931034483,0,-1.00427734769157e-10
-2.58620689655172,0.931034482758621,0,-9.81470934413954e-11
-2.58620689655172,1.13793103448276,0,-9.55000893455334e-11
-2.58620689655172,1.3448275862069,0,-9.25871260448642e-11
-2.58620689655172,1.55172413793103,0,-8.95017400744241e-11
-2.58620689655172,1.75862068965517,0,-8.63255724474023e-11
-2.58620689655172,1.96551724137931,0,-8.31260407542729e-11
-2.58620689655172,2.17241379310345,0,-7.99561028909321e-11
-2.58620689655172,2.37931034482759,0,-7.68553787888908e-11
-2.58620689655172,2.58620689655172,0,-7.3851981728151e-11
-2.58620689655172,2.79310344827586,0,-7.0964582971364e-11
-2.58620689655172,3,0,-6.82044097203738e-11
-2.37931034482759,-3,0,-7.04117642356983e-11
-2.37931034482759,-2.79310344827586,0,-7.3473015118697e-11
-2.37931034482759,-2.58620689655172,0,-7.67055313805682e-11
-2.37931034482759,-2.37931034482759,0,-8.01027213504482e-11
-2.37931034482759,-2.17241379310345,0,-8.36497045046138e-11
-2.37931034482759,-1.96551724137931,0,-8.73204262488702e-11
-2.37931034482759,-1.75862068965517,0,-9.10743650362549e-11
-2.37931034482759,-1.55172413793103,0,-9.48531460634434e-11
-2.37931034482759,-1.3448275862069,0,-9.85776794383634e-11
-2.37931034482759,-1.13793103448276,0,-1.02146816571695e-10
-2.37931034482759,-0.931034482758621,0,-1.05438853535035e-10
-2.37931034482759,-0.724137931034483,0,-1.08317270891627e-10
-2.37931034482759,-0.517241379310345,0,-1.10641565969122e-10
-2.37931034482759,-0.310344827586207,0,-1.12282687653571e-10
-2.37931034482759,-0.103448275862069,0,-1.13140647122705e-10
-2.37931034482759,0.103448275862069,0,-1.13160205287173e-10
-2.37931034482759,0.310344827586207,0,-1.12340227189529e-10
-2.37931034482759,0.517241379310345,0,-1.1073383993399e-10
-2.37931034482759,0.724137931034483,0,-1.08439364103606e-10
-2.37931034482759,0.931034482758621,0,-1.05584820818938e-10
-2.37931034482759,1.13793103448276,0,-1.02310375418599e-10
-2.37931034482759,1.3448275862069,0,-9.87528129852497e-11
-2.37931034482759,1.55172413793103,0,-9.5034523342031e-11
-2.37931034482759,1.75862068965517,0,-9.12575590633739e-11
-2.37931034482759,1.96551724137931,0,-8.75019651243612e-11
-2.37931034482759,2.17241379310345,0,-8.3827011244044e-11
-2.37931034482759,2.37931034482759,0,-8.02739942411229e-11
-2.37931034482759,2.58620689655172,0,-7.68696029488083e-11
-2.37931034482759,2.79310344827586,0,-7.36292136044815e-11
-2.37931034482759,3,0,-7.0559790313359e-11
-2.17241379310345,-3,0,-7.27844544537169e-11
-2.17241379310345,-2.79310344827586,0,-7.61811706894628e-11
-2.17241379310345,-2.58620689655172,0,-7.98027484276222e-11
-2.17241379310345,-2.37931034482759,0,-8.36497628152991e-11
-2.17241379310345,-2.17241379310345,0,-8.77140467553521e-11
-2.17241379310345,-1.96551724137931,0,-9.19747348631623e-11
-2.17241379310345,-1.75862068965517,0,-9.63933315026194e-11
-2.17241379310345,-1.55172413793103,0,-1.0090802840446e-10
-2.17241379310345,-1.3448275862069,0,-1.0542796121332e-10
-2.17241379310345,-1.13793103448276,0,-1.09828799422756e-10
-2.17241379310345,-0.931034482758621,0,-1.13951909817282e-10
-2.17241379310345,-0.724137931034483,0,-1.17609948957487e-10
-2.17241379310345,-0.517241379310345,0,-1.20601398828572e-10
-2.17241379310345,-0.310344827586207,0,-1.22734426545026e-10
-2.17241379310345,-0.103448275862069,0,-1.23856476994685e-10
-2.17241379310345,0.103448275862069,0,-1.23881957811554e-10
-2.17241379310345,0.310344827586207,0,-1.22809146881205e-10
-2.17241379310345,0.517241379310345,0,-1.20720451894547e-10
-2.17241379310345,0.724137931034483,0,-1.17765985749611e-10
-2.17241379310345,0.931034482758621,0,-1.1413622247693e-10
-2.17241379310345,1.13793103448276,0,-1.1003247736686e-10
-2.17241379310345,1.3448275862069,0,-1.05642829061942e-10
-2.17241379310345,1.55172413793103,0,-1.01127206249345e-10
-2.17241379310345,1.75862068965517,0,-9.66114316757229e-11
-2.17241379310345,1.96551724137931,0,-9.21878056828417e-11
-2.17241379310345,2.17241379310345,0,-8.79193818025013e-11
-2.17241379310345,2.37931034482759,0,-8.38456621477625e-11
-2.17241379310345,2.58620689655172,0,-7.9988282935473e-11
-2.17241379310345,2.79310344827586,0,-7.6355975003347e-11
-2.17241379310345,3,0,-7.29485576373572e-11
-1.96551724137931,-3,0,-7.51639166513183e-11
-1.96551724137931,-2.79310344827586,0,-7.89225845263701e-11
-1.96551724137931,-2.58620689655172,0,-8.29709377020124e-11
-1.96551724137931,-2.37931034482759,0,-8.73205635305384e-11
-1.96551724137931,-2.17241379310345,0,-9.19748203049509e-11
-1.96551724137931,-1.96551724137931,0,-9.69237568764138e-11
-1.96551724137931,-1.75862068965517,0,-1.02137178623399e-10
-1.96551724137931,-1.55172413793103,0,-1.07555762052924e-10
-1.96551724137931,-1.3448275862069,0,-1.13080711815058e-10
-1.96551724137931,-1.13793103448276,0,-1.18563600236966e-10
-1.96551724137931,-0.931034482758621,0,-1.23799802569175e-10
-1.96551724137931,-0.724137931034483,0,-1.28530959222631e-10
-1.96551724137931,-0.517241379310345,0,-1.32462809044383e-10
-1.96551724137931,-0.310344827586207,0,-1.35302032431073e-10
-1.96551724137931,-0.103448275862069,0,-1.36807581833515e-10
-1.96551724137931,0.103448275862069,0,-1.36841665886969e-10
-1.96551724137931,0.310344827586207,0,-1.35401599780265e-10
-1.96551724137931,0.517241379310345,0,-1.32620210008222e-10
-1.96551724137931,0.724137931034483,0,-1.28734815218204e-10
-1.96551724137931,0.931034482758621,0,-1.24036931015414e-10
-1.96551724137931,1.13793103448276,0,-1.18821067351527e-10
-1.96551724137931,1.3448275862069,0,-1.13347330656484e-10
-1.96551724137931,1.55172413793103,0,-1.07822761908332e-10
-1.96551724137931,1.75862068965517,0,-1.02398222125101e-10
-1.96551724137931,1.96551724137931,0,-9.71746154735109e-11
-1.96551724137931,2.17241379310345,0,-9.22129383455877e-11
-1.96551724137931,2.37931034482759,0,-8.7544632186554e-11
-1.96551724137931,2.58620689655172,0,-8.31805296616357e-11
-1.96551724137931,2.79310344827586,0,-7.91178639668927e-11
-1.96551724137931,3,0,-7.53454213862556e-11
-1.75862068965517,-3,0,-7.75182604093043e-11
-1.75862068965517,-2.79310344827586,0,-8.16614461198421e-11
-1.75862068965517,-2.58620689655172,0,-8.61710594856554e-11
-1.75862068965517,-2.37931034482759,0,-9.10746036513449e-11
-1.75862068965517,-2.17241379310345,0,-9.63935343967081e-11
-1.75862068965517,-1.96551724137931,0,-1.02137307286446e-10
-1.75862068965517,-1.75862068965517,0,-1.08294383618012e-10
-1.75862068965517,-1.55172413793103,0,-1.1481936516619e-10
-1.75862068965517,-1.3448275862069,0,-1.21615934444062e-10
-1.75862068965517,-1.13793103448276,0,-1.28516780497525e-10
-1.75862068965517,-0.931034482758621,0,-1.35264794929637e-10
-1.75862068965517,-0.724137931034483,0,-1.41504737145708e-10
-1.75862068965517,-0.517241379310345,0,-1.46799788007314e-10
-1.75862068965517,-0.310344827586207,0,-1.50687032912789e-10
-1.75862068965517,-0.103448275862069,0,-1.5276991803912e-10
-1.75862068965517,0.103448275862069,0,-1.52816975959274e-10
-1.75862068965517,0.310344827586207,0,-1.5082395773772e-10
-1.75862068965517,0.517241379310345,0,-1.47014306665981e-10
-1.75862068965517,0.724137931034483,0,-1.41778442768849e-10
-1.75862068965517,0.931034482758621,0,-1.35576817351558e-10
-1.75862068965517,1.13793103448276,0,-1.28847831455276e-10
-1.75862068965517,1.3448275862069,0,-1.21950742940444e-10
-1.75862068965517,1.55172413793103,0,-1.15147147016333e-10
-1.75862068965517,1.75862068965517,0,-1.08608220202912e-10
-1.75862068965517,1.96551724137931,0,-1.02433234037851e-10
-1.75862068965517,2.17241379310345,0,-9.66696949218128e-11
-1.75862068965517,2.37931034482759,0,-9.13305650840193e-11
-1.75862068965517,2.58620689655172,0,-8.64072942174044e-11
-1.75862068965517,2.79310344827586,0,-8.18789590715222e-11
-1.75862068965517,3,0,-7.77183334439925e-11
-1.55172413793103,-3,0,-7.98086062866051e-11
-1.55172413793103,-2.79310344827586,0,-8.43522408858959e-11
-1.55172413793103,-2.58620689655172,0,-8.9350783161525e-11
-1.55172413793103,-2.37931034482759,0,-9.48535070122396e-11
-1.55172413793103,-2.17241379310345,0,-1.00908382621283e-10
-1.55172413793103,-1.96551724137931,0,-1.07556070199181e-10
-1.55172413793103,-1.75862068965517,0,-1.14819564822749e-10
-1.55172413793103,-1.55172413793103,0,-1.2268736491021e-10
-1.55172413793103,-1.3448275862069,0,-1.3108789477822e-10
-1.55172413793103,-1.13793103448276,0,-1.39854100163555e-10
-1.55172413793103,-0.931034482758621,0,-1.48681305205425e-10
-1.55172413793103,-0.724137931034483,0,-1.57090652662756e-10
-1.55172413793103,-0.517241379310345,0,-1.64426279616491e-10
-1.55172413793103,-0.310344827586207,0,-1.69930551579718e-10
-1.55172413793103,-0.103448275862069,0,-1.72919362276152e-10
-1.55172413793103,0.103448275862069,0,-1.72986764154681e-10
-1.55172413793103,0.310344827586207,0,-1.70126267336425e-10
-1.55172413793103,0.517241379310345,0,-1.64730418018075e-10
-1.55172413793103,0.724137931034483,0,-1.57471545012035e-10
-1.55172413793103,0.931034482758621,0,-1.49103548910385e-10
-1.55172413793103,1.13793103448276,0,-1.40288078084441e-10
-1.55172413793103,1.3448275862069,0,-1.31513433571329e-10
-1.55172413793103,1.55172413793103,0,-1.23092468972709e-10
-1.55172413793103,1.75862068965517,0,-1.15197966800191e-10
-1.55172413793103,1.96551724137931,0,-1.07905239648812e-10
-1.55172413793103,2.17241379310345,0,-1.01228133670262e-10
-1.55172413793103,2.37931034482759,0,-9.5145040175622e-11
-1.55172413793103,2.58620689655172,0,-8.96160370140919e-11
-1.55172413793103,2.79310344827586,0,-8.45934713962507e-11
-1.55172413793103,3,0,-8.00281293529693e-11
-1.3448275862069,-3,0,-8.1989305477035e-11
-1.3448275862069,-2.79310344827586,0,-8.69395006029056e-11
-1.3448275862069,-2.58620689655172,0,-9.2443311110112e-11
-1.3448275862069,-2.37931034482759,0,-9.85781770892086e-11
-1.3448275862069,-2.17241379310345,0,-1.05428496087005e-10
-1.3448275862069,-1.96551724137931,0,-1.13081251144526e-10
-1.3448275862069,-1.75862068965517,0,-1.21616416272718e-10
-1.3448275862069,-1.55172413793103,0,-1.31088214735841e-10
-1.3448275862069,-1.3448275862069,0,-1.41491460806941e-10
-1.3448275862069,-1.13793103448276,0,-1.52706248475024e-10
-1.3448275862069,-0.931034482758621,0,-1.64417283317897e-10
-1.3448275862069,-0.724137931034483,0,-1.76015969232523e-10
-1.3448275862069,-0.517241379310345,0,-1.86522275762678e-10
-1.3448275862069,-0.310344827586207,0,-1.9463965367626e-10
-1.3448275862069,-0.103448275862069,0,-1.99113965174391e-10
-1.3448275862069,0.103448275862069,0,-1.99214116859884e-10
-1.3448275862069,0.310344827586207,0,-1.94932544045452e-10
-1.3448275862069,0.517241379310345,0,-1.86978166296098e-10
-1.3448275862069,0.724137931034483,0,-1.76574061078194e-10
-1.3448275862069,0.931034482758621,0,-1.65009851509705e-10
-1.3448275862069,1.13793103448276,0,-1.53287398718918e-10
-1.3448275862069,1.3448275862069,0,-1.42038219919625e-10
-1.3448275862069,1.55172413793103,0,-1.31591091897313e-10
-1.3448275862069,1.75862068965517,0,-1.22072834982694e-10
-1.3448275862069,1.96551724137931,0,-1.13492312806391e-10
-1.3448275862069,2.17241379310345,0,-1.05797248560339e-10
-1.3448275862069,2.37931034482759,0,-9.89085510649971e-11
-1.3448275862069,2.58620689655172,0,-9.27394637823815e-11
-1.3448275862069,2.79310344827586,0,-8.72054432918674e-11
-1.3448275862069,3,0,-8.22287196573061e-11
-1.13793103448276,-3,0,-8.40089370931381e-11
-1.13793103448276,-2.79310344827586,0,-8.93585992199964e-11
-1.13793103448276,-2.58620689655172,0,-9.53675320845872e-11
-1.13793103448276,-2.37931034482759,0,-1.0214745091797e-10
-1.13793103448276,-2.17241379310345,0,-1.09829528906296e-10
-1.13793103448276,-1.96551724137931,0,-1.18564409296043e-10
-1.13793103448276,-1.75862068965517,0,-1.28517622669097e-10
-1.13793103448276,-1.55172413793103,0,-1.3985487609587e-10
-1.13793103448276,-1.3448275862069,0,-1.52706778084013e-10
-1.13793103448276,-1.13793103448276,0,-1.67095778690979e-10
-1.13793103448276,-0.931034482758621,0,-1.82804434327394e-10
-1.13793103448276,-0.724137931034483,0,-1.99173732952651e-10
-1.13793103448276,-0.517241379310345,0,-2.14829774786635e-10
-1.13793103448276,-0.310344827586207,0,-2.27423537695005e-10
-1.13793103448276,-0.103448275862069,0,-2.34408144205754e-10
-1.13793103448276,0.103448275862069,0,-2.34559283066592e-10
-1.13793103448276,0.310344827586207,0,-2.27882446474873e-10
-1.13793103448276,0.517241379310345,0,-2.15581156199722e-10
-1.13793103448276,0.724137931034483,0,-2.00063917992301e-10
-1.13793103448276,0.931034482758621,0,-1.83676466277803e-10
-1.13793103448276,1.13793103448276,0,-1.67889966914768e-10
-1.13793103448276,1.3448275862069,0,-1.53414023169109e-10
-1.13793103448276,1.55172413793103,0,-1.40479259193015e-10
-1.13793103448276,1.75862068965517,0,-1.2906627754533e-10
-1.13793103448276,1.96551724137931,0,-1.19045623331558e-10
-1.13793103448276,2.17241379310345,0,-1.10251848633072e-10
-1.13793103448276,2.37931034482759,0,-1.02518992757267e-10
-1.13793103448276,2.58620689655172,0,-9.56955880247968e-11
-1.13793103448276,2.79310344827586,0,-8.96494993047946e-11
-1.13793103448276,3,0,-8.42680683016066e-11
-0.931034482758621,-3,0,-8.58122742384403e-11
-0.931034482758621,-2.79310344827586,0,-9.15379817915213e-11
-0.931034482758621,-2.58620689655172,0,-9.80302423245856e-11
-0.931034482758621,-2.37931034482759,0,-1.05439600496306e-10
-0.931034482758621,-2.17241379310345,0,-1.13952817076002e-10
-0.931034482758621,-1.96551724137931,0,-1.23800883522938e-10
-0.931034482758621,-1.75862068965517,0,-1.35266038840105e-10
-0.931034482758621,-1.55172413793103,0,-1.48682648922291e-10
-0.931034482758621,-1.3448275862069,0,-1.64418565400535e-10
-0.931034482758621,-1.13793103448276,0,-1.82805335071295e-10
-0.931034482758621,-0.931034482758621,0,-2.03958888292812e-10
-0.931034482758621,-0.724137931034483,0,-2.27446337295133e-10
-0.931034482758621,-0.517241379310345,0,-2.51835155787873e-10
-0.931034482758621,-0.310344827586207,0,-2.7288191308154e-10
-0.931034482758621,-0.103448275862069,0,-2.83834956747386e-10
-0.931034482758621,0.103448275862069,0,-2.84043102049014e-10
-0.931034482758621,0.310344827586207,0,-2.73608809116837e-10
-0.931034482758621,0.517241379310345,0,-2.53462965280383e-10
-0.931034482758621,0.724137931034483,0,-2.2909334442887e-10
-0.931034482758621,0.931034482758621,0,-2.0530937448898e-10
-0.931034482758621,1.13793103448276,0,-1.83900725179375e-10
-0.931034482758621,1.3448275862069,0,-1.6533131228399e-10
-0.931034482758621,1.55172413793103,0,-1.49453184025341e-10
-0.931034482758621,1.75862068965517,0,-1.35920039885433e-10
-0.931034482758621,1.96551724137931,0,-1.24358672348874e-10
-0.931034482758621,2.17241379310345,0,-1.14431387788263e-10
-0.931034482758621,2.37931034482759,0,-1.05852998279052e-10
-0.931034482758621,2.58620689655172,0,-9.83898818509153e-11
-0.931034482758621,2.79310344827586,0,-9.1853053598173e-11
-0.931034482758621,3,0,-8.60901596939812e-11
-0.724137931034483,-3,0,-8.73432937518361e-11
-0.724137931034483,-2.79310344827586,0,-9.34030769010839e-11
-0.724137931034483,-2.58620689655172,0,-1.00331060909551e-10
-0.724137931034483,-2.37931034482759,0,-1.08318072510296e-10
-0.724137931034483,-2.17241379310345,0,-1.17610968467929e-10
-0.724137931034483,-1.96551724137931,0,-1.28532246642215e-10
-0.724137931034483,-1.75862068965517,0,-1.41506335910885e-10
-0.724137931034483,-1.55172413793103,0,-1.57092573019337e-10
-0.724137931034483,-1.3448275862069,0,-1.76018132920181e-10
-0.724137931034483,-1.13793103448276,0,-1.99175875901447e-10
-0.724137931034483,-0.931034482758621,0,-2.2744788142976e-10
-0.724137931034483,-0.724137931034483,0,-2.61094037300673e-10
-0.724137931034483,-0.517241379310345,0,-2.99130673274537e-10
-0.724137931034483,-0.310344827586207,0,-3.30002048080936e-10
-0.724137931034483,-0.103448275862069,0,-3.44794745771601e-10
-0.724137931034483,0.103448275862069,0,-3.44732254927957e-10
-0.724137931034483,0.310344827586207,0,-3.31322434450669e-10
-0.724137931034483,0.517241379310345,0,-3.02648362299256e-10
-0.724137931034483,0.724137931034483,0,-2.64719615596115e-10
-0.724137931034483,0.931034482758621,0,-2.29552304843003e-10
-0.724137931034483,1.13793103448276,0,-2.00655219455779e-10
-0.724137931034483,1.3448275862069,0,-1.77179114646982e-10
-0.724137931034483,1.55172413793103,0,-1.58030881237081e-10
-0.724137931034483,1.75862068965517,0,-1.42274695459023e-10
-0.724137931034483,1.96551724137931,0,-1.29169077086704e-10
-0.724137931034483,2.17241379310345,0,-1.18145243316194e-10
-0.724137931034483,2.37931034482759,0,-1.08771572458103e-10
-0.724137931034483,2.58620689655172,0,-1.00720180263933e-10
-0.724137931034483,2.79310344827586,0,-9.37402467505082e-11
-0.724137931034483,3,0,-8.76380412445649e-11
-0.517241379310345,-3,0,-8.85491035808656e-11
-0.517241379310345,-2.79310344827586,0,-9.48818357524949e-11
-0.517241379310345,-2.58620689655172,0,-1.02170226636131e-10
-0.517241379310345,-2.37931034482759,0,-1.10642323965969e-10
-0.517241379310345,-2.17241379310345,0,-1.20602401348047e-10
-0.517241379310345,-1.96551724137931,0,-1.32464138087134e-10
-0.517241379310345,-1.75862068965517,0,-1.46801543572518e-10
-0.517241379310345,-1.55172413793103,0,-1.64428566194605e-10
-0.517241379310345,-1.3448275862069,0,-1.86525158138074e-10
-0.517241379310345,-1.13793103448276,0,-2.14833170804988e-10
-0.517241379310345,-0.931034482758621,0,-2.51838632709691e-10
-0.517241379310345,-0.724137931034483,0,-2.99133197089038e-10
-0.517241379310345,-0.517241379310345,0,-3.46099557449573e-10
-0.517241379310345,-0.310344827586207,0,-3.75580432733578e-10
-0.517241379310345,-0.103448275862069,0,-3.91804572732161e-10
-0.517241379310345,0.103448275862069,0,-3.91137447116776e-10
-0.517241379310345,0.310344827586207,0,-3.77563334571743e-10
-0.517241379310345,0.517241379310345,0,-3.47751273009347e-10
-0.517241379310345,0.724137931034483,0,-3.05223520912525e-10
-0.517241379310345,0.931034482758621,0,-2.5458356356157e-10
-0.517241379310345,1.13793103448276,0,-2.16739837932422e-10
-0.517241379310345,1.3448275862069,0,-1.87975720713648e-10
-0.517241379310345,1.55172413793103,0,-1.65548658133595e-10
-0.517241379310345,1.75862068965517,0,-1.47684676258602e-10
-0.517241379310345,1.96551724137931,0,-1.33175712563082e-10
-0.517241379310345,2.17241379310345,0,-1.21187097672152e-10
-0.517241379310345,2.37931034482759,0,-1.11130977252528e-10
-0.517241379310345,2.58620689655172,0,-1.0258457775003e-10
-0.517241379310345,2.79310344827586,0,-9.52375787577979e-11
-0.517241379310345,3,0,-8.88578248474926e-11
-0.310344827586207,-3,0,-8.93844044805677e-11
-0.310344827586207,-2.79310344827586,0,-9.59113880543186e-11
-0.310344827586207,-2.58620689655172,0,-1.03458672384049e-10
-0.310344827586207,-2.37931034482759,0,-1.12283264899459e-10
-0.310344827586207,-2.17241379310345,0,-1.22735215482312e-10
-0.310344827586207,-1.96551724137931,0,-1.3530312161114e-10
-0.310344827586207,-1.75862068965517,0,-1.50688546722259e-10
-0.310344827586207,-1.55172413793103,0,-1.69932655833082e-10
-0.310344827586207,-1.3448275862069,0,-1.94642543099379e-10
-0.310344827586207,-1.13793103448276,0,-2.27427367849543e-10
-0.310344827586207,-0.931034482758621,0,-2.72886604755459e-10
-0.310344827586207,-0.724137931034483,0,-3.30006904088666e-10
-0.310344827586207,-0.517241379310345,0,-3.75583793962343e-10
-0.310344827586207,-0.310344827586207,0,-4.05455465127275e-10
-0.310344827586207,-0.103448275862069,0,-4.21106651837394e-10
-0.310344827586207,0.103448275862069,0,-4.21072314228508e-10
-0.310344827586207,0.310344827586207,0,-4.06846457925647e-10
-0.310344827586207,0.517241379310345,0,-3.77185447527369e-10
-0.310344827586207,0.724137931034483,0,-3.33035556865439e-10
-0.310344827586207,0.931034482758621,0,-2.76568353618797e-10
-0.310344827586207,1.13793103448276,0,-2.30031270324305e-10
-0.310344827586207,1.3448275862069,0,-1.96433396304548e-10
-0.310344827586207,1.55172413793103,0,-1.71228749630279e-10
-0.310344827586207,1.75862068965517,0,-1.51671059174099e-10
-0.310344827586207,1.96551724137931,0,-1.36075254528727e-10
-0.310344827586207,2.17241379310345,0,-1.23359107125826e-10
-0.310344827586207,2.37931034482759,0,-1.12798513911556e-10
-0.310344827586207,2.58620689655172,0,-1.03891760866568e-10
-0.310344827586207,2.79310344827586,0,-9.62807410004565e-11
-0.310344827586207,3,0,-8.97032644759345e-11
-0.103448275862069,-3,0,-8.9815860562569e-11
-0.103448275862069,-2.79310344827586,0,-9.64448264791741e-11
-0.103448275862069,-2.58620689655172,0,-1.04128816389217e-10
-0.103448275862069,-2.37931034482759,0,-1.13140880971642e-10
-0.103448275862069,-2.17241379310345,0,-1.23856805179527e-10
-0.103448275862069,-1.96551724137931,0,-1.36808050010818e-10
-0.103448275862069,-1.75862068965517,0,-1.52770596057618e-10
-0.103448275862069,-1.55172413793103,0,-1.72920355401669e-10
-0.103448275862069,-1.3448275862069,0,-1.99115424408912e-10
-0.103448275862069,-1.13793103448276,0,-2.34410259314785e-10
-0.103448275862069,-0.931034482758621,0,-2.83837883634195e-10
-0.103448275862069,-0.724137931034483,0,-3.44798376017965e-10
-0.103448275862069,-0.517241379310345,0,-3.91808132904228e-10
-0.103448275862069,-0.310344827586207,0,-4.21108683747521e-10
-0.103448275862069,-0.103448275862069,0,-4.37412569829206e-10
-0.103448275862069,0.103448275862069,0,-4.36844712396734e-10
-0.103448275862069,0.310344827586207,0,-4.23065749421362e-10
-0.103448275862069,0.517241379310345,0,-3.92933293975301e-10
-0.103448275862069,0.724137931034483,0,-3.49273387500872e-10
-0.103448275862069,0.931034482758621,0,-2.92165563345629e-10
-0.103448275862069,1.13793103448276,0,-2.37983678840172e-10
-0.103448275862069,1.3448275862069,0,-2.01197428096587e-10
-0.103448275862069,1.55172413793103,0,-1.74335703777907e-10
-0.103448275862069,1.75862068965517,0,-1.5381342657708e-10
-0.103448275862069,1.96551724137931,0,-1.37615062135765e-10
-0.103448275862069,2.17241379310345,0,-1.2450269897378e-10
-0.103448275862069,2.37931034482759,0,-1.13670865801558e-10
-0.103448275862069,2.58620689655172,0,-1.04572215936614e-10
-0.103448275862069,2.79310344827586,0,-9.68216416059895e-11
-0.103448275862069,3,0,-9.01402686128539e-11
0.103448275862069,-3,0,-8.98256240215704e-11
0.103448275862069,-2.79310344827586,0,-9.64568271518579e-11
0.103448275862069,-2.58620689655172,0,-1.04143799183022e-10
0.103448275862069,-2.37931034482759,0,-1.13159933512046e-10
0.103448275862069,-2.17241379310345,0,-1.23881568747807e-10
0.103448275862069,-1.96551724137931,0,-1.36841096931946e-10
0.103448275862069,-1.75862068965517,0,-1.52816125681139e-10
0.103448275862069,-1.55172413793103,0,-1.72985467190649e-10
0.103448275862069,-1.3448275862069,0,-1.99212107218182e-10
0.103448275862069,-1.13793103448276,0,-2.34556157174329e-10
0.103448275862069,-0.931034482758621,0,-2.8403834709809e-10
0.103448275862069,-0.724137931034483,0,-3.44725551536675e-10
0.103448275862069,-0.517241379310345,0,-3.91129565252497e-10
0.103448275862069,-0.310344827586207,0,-4.21066051917169e-10
0.103448275862069,-0.103448275862069,0,-4.36842943044885e-10
0.103448275862069,0.103448275862069,0,-4.36813139700728e-10
0.103448275862069,0.310344827586207,0,-4.22584507026e-10
0.103448275862069,0.517241379310345,0,-3.92814765391e-10
0.103448275862069,0.724137931034483,0,-3.48913696637927e-10
0.103448275862069,0.931034482758621,0,-2.921965271542e-10
0.103448275862069,1.13793103448276,0,-2.38172012629382e-10
0.103448275862069,1.3448275862069,0,-2.01297099335706e-10
0.103448275862069,1.55172413793103,0,-1.74400803912154e-10
0.103448275862069,1.75862068965517,0,-1.53859393073557e-10
0.103448275862069,1.96551724137931,0,-1.37648905280259e-10
0.103448275862069,2.17241379310345,0,-1.24528350673499e-10
0.103448275862069,2.37931034482759,0,-1.13690757765536e-10
0.103448275862069,2.58620689655172,0,-1.04587937385511e-10
0.103448275862069,2.79310344827586,0,-9.68342708723598e-11
0.103448275862069,3,0,-9.01505587936067e-11
0.310344827586207,-3,0,-8.94133241436266e-11
0.310344827586207,-2.79310344827586,0,-9.59468704851563e-11
0.310344827586207,-2.58620689655172,0,-1.03502874727607e-10
0.310344827586207,-2.37931034482759,0,-1.12339321919951e-10
0.310344827586207,-2.17241379310345,0,-1.22807834068354e-10
0.310344827586207,-1.96551724137931,0,-1.35399648216514e-10
0.310344827586207,-1.75862068965517,0,-1.50820978334554e-10
0.310344827586207,-1.55172413793103,0,-1.70121591240088e-10
0.310344827586207,-1.3448275862069,0,-1.94925008012206e-10
0.310344827586207,-1.13793103448276,0,-2.27870052402678e-10
0.310344827586207,-0.931034482758621,0,-2.73588369887054e-10
0.310344827586207,-0.724137931034483,0,-3.31290058708191e-10
0.310344827586207,-0.517241379310345,0,-3.77518707920664e-10
0.310344827586207,-0.310344827586207,0,-4.0680332815383e-10
0.310344827586207,-0.103448275862069,0,-4.23049540281487e-10
0.310344827586207,0.103448275862069,0,-4.22594926785465e-10
0.310344827586207,0.310344827586207,0,-4.08727089255718e-10
0.310344827586207,0.517241379310345,0,-3.78619881053504e-10
0.310344827586207,0.724137931034483,0,-3.34663259991152e-10
0.310344827586207,0.931034482758621,0,-2.77078977527864e-10
0.310344827586207,1.13793103448276,0,-2.30476302184463e-10
0.310344827586207,1.3448275862069,0,-1.96708400716294e-10
0.310344827586207,1.55172413793103,0,-1.71415041812135e-10
0.310344827586207,1.75862068965517,0,-1.51804334328736e-10
0.310344827586207,1.96551724137931,0,-1.36174058592473e-10
0.310344827586207,2.17241379310345,0,-1.23434338110407e-10
0.310344827586207,2.37931034482759,0,-1.12857049210318e-10
0.310344827586207,2.58620689655172,0,-1.03938145389189e-10
0.310344827586207,2.79310344827586,0,-9.63180812916107e-11
0.310344827586207,3,0,-8.9733741875955e-11
0.517241379310345,-3,0,-8.85961043078051e-11
0.517241379310345,-2.79310344827586,0,-9.49392995872015e-11
0.517241379310345,-2.58620689655172,0,-1.02241504934054e-10
0.517241379310345,-2.37931034482759,0,-1.10732239832824e-10
0.517241379310345,-2.17241379310345,0,-1.20718118052315e-10
0.517241379310345,-1.96551724137931,0,-1.32616714043914e-10
0.517241379310345,-1.75862068965517,0,-1.47008912503277e-10
0.517241379310345,-1.55172413793103,0,-1.64721819132352e-10
0.517241379310345,-1.3448275862069,0,-1.86963968458836e-10
0.517241379310345,-1.13793103448276,0,-2.15556852945592e-10
0.517241379310345,-0.931034482758621,0,-2.53419995979428e-10
0.517241379310345,-0.724137931034483,0,-3.02571273482404e-10
0.517241379310345,-0.517241379310345,0,-3.47620074490395e-10
0.517241379310345,-0.310344827586207,0,-3.77019672390712e-10
0.517241379310345,-0.103448275862069,0,-3.92860293638013e-10
0.517241379310345,0.103448275862069,0,-3.92865550723669e-10
0.517241379310345,0.310344827586207,0,-3.78677698456854e-10
0.517241379310345,0.517241379310345,0,-3.48893266038841e-10
0.517241379310345,0.724137931034483,0,-3.05088267055358e-10
0.517241379310345,0.931034482758621,0,-2.5538458744843e-10
0.517241379310345,1.13793103448276,0,-2.17329952060233e-10
0.517241379310345,1.3448275862069,0,-1.88379940532788e-10
0.517241379310345,1.55172413793103,0,-1.65833945000387e-10
0.517241379310345,1.75862068965517,0,-1.47892857914445e-10
0.517241379310345,1.96551724137931,0,-1.33331918730519e-10
0.517241379310345,2.17241379310345,0,-1.21307044849047e-10
0.517241379310345,2.37931034482759,0,-1.11224905109198e-10
0.517241379310345,2.58620689655172,0,-1.02659386415395e-10
0.517241379310345,2.79310344827586,0,-9.52980492719134e-11
0.517241379310345,3,0,-8.89073492214394e-11
0.724137931034483,-3,0,-8.74067003731864e-11
0.724137931034483,-2.79310344827586,0,-9.34802048970006e-11
0.724137931034483,-2.58620689655172,0,-1.00426138122169e-10
0.724137931034483,-2.37931034482759,0,-1.08437093312225e-10
0.724137931034483,-2.17241379310345,0,-1.17762678419344e-10
0.724137931034483,-1.96551724137931,0,-1.28729867466412e-10
0.724137931034483,-1.75862068965517,0,-1.41770813217385e-10
0.724137931034483,-1.55172413793103,0,-1.57459366445666e-10
0.724137931034483,-1.3448275862069,0,-1.76553829444259e-10
0.724137931034483,-1.13793103448276,0,-2.00028678349128e-10
0.724137931034483,-0.931034482758621,0,-2.29028219553502e-10
0.724137931034483,-0.724137931034483,0,-2.64589115540872e-10
0.724137931034483,-0.517241379310345,0,-3.04929420986924e-10
0.724137931034483,-0.310344827586207,0,-3.32357209527645e-10
0.724137931034483,-0.103448275862069,0,-3.48924951348763e-10
0.724137931034483,0.103448275862069,0,-3.49088053993977e-10
0.724137931034483,0.310344827586207,0,-3.34822428905623e-10
0.724137931034483,0.517241379310345,0,-3.05152289355856e-10
0.724137931034483,0.724137931034483,0,-2.65618174265225e-10
0.724137931034483,0.931034482758621,0,-2.30447195993817e-10
0.724137931034483,1.13793103448276,0,-2.01334361188298e-10
0.724137931034483,1.3448275862069,0,-1.77668402237042e-10
0.724137931034483,1.55172413793103,0,-1.58387789402747e-10
0.724137931034483,1.75862068965517,0,-1.42540822449773e-10
0.724137931034483,1.96551724137931,0,-1.29371822719717e-10
0.724137931034483,2.17241379310345,0,-1.18302716302802e-10
0.724137931034483,2.37931034482759,0,-1.08895994411192e-10
0.724137931034483,2.58620689655172,0,-1.00819991921544e-10
0.724137931034483,2.79310344827586,0,-9.38214054810782e-11
0.724137931034483,3,0,-8.77048354953808e-11
0.931034482758621,-3,0,-8.58899651469878e-11
0.931034482758621,-2.79310344827586,0,-9.1631877849784e-11
0.931034482758621,-2.58620689655172,0,-9.81450870886637e-11
0.931034482758621,-2.37931034482759,0,-1.05581986974987e-10
0.931034482758621,-2.17241379310345,0,-1.14132129303732e-10
0.931034482758621,-1.96551724137931,0,-1.24030868491066e-10
0.931034482758621,-1.75862068965517,0,-1.35567578727072e-10
0.931034482758621,-1.55172413793103,0,-1.49089001709658e-10
0.931034482758621,-1.3448275862069,0,-1.64986041199089e-10
0.931034482758621,-1.13793103448276,0,-1.8363556962185e-10
0.931034482758621,-0.931034482758621,0,-2.05234347590898e-10
0.931034482758621,-0.724137931034483,0,-2.29399486791541e-10
0.931034482758621,-0.517241379310345,0,-2.54200697978646e-10
0.931034482758621,-0.310344827586207,0,-2.74899080275556e-10
0.931034482758621,-0.103448275862069,0,-2.91380642948402e-10
0.931034482758621,0.103448275862069,0,-2.92470620201118e-10
0.931034482758621,0.310344827586207,0,-2.77290530308282e-10
0.931034482758621,0.517241379310345,0,-2.5548032007195e-10
0.931034482758621,0.724137931034483,0,-2.30479603566572e-10
0.931034482758621,0.931034482758621,0,-2.06294799613287e-10
0.931034482758621,1.13793103448276,0,-1.8462401623055e-10
0.931034482758621,1.3448275862069,0,-1.65866426387003e-10
0.931034482758621,1.55172413793103,0,-1.49854332458793e-10
0.931034482758621,1.75862068965517,0,-1.36225760314552e-10
0.931034482758621,1.96551724137931,0,-1.24595597081295e-10
0.931034482758621,2.17241379310345,0,-1.14617918049253e-10
0.931034482758621,2.37931034482759,0,-1.06001997495967e-10
0.931034482758621,2.58620689655172,0,-9.8510482559044e-11
0.931034482758621,2.79310344827586,0,-9.19518451365513e-11
0.931034482758621,3,0,-8.61719715136108e-11
1.13793103448276,-3,0,-8.40985217516927e-11
1.13793103448276,-2.79310344827586,0,-8.94660572465138e-11
1.13793103448276,-2.58620689655172,0,-9.54977762707577e-11
1.13793103448276,-2.37931034482759,0,-1.02307147095152e-10
1.13793103448276,-2.17241379310345,0,-1.10027881681149e-10
1.13793103448276,-1.96551724137931,0,-1.18814380839911e-10
1.13793103448276,-1.75862068965517,0,-1.28837864401551e-10
1.13793103448276,-1.55172413793103,0,-1.40272811963196e-10
1.13793103448276,-1.3448275862069,0,-1.5326327915838e-10
1.13793103448276,-1.13793103448276,0,-1.67850437442698e-10
1.13793103448276,-0.931034482758621,0,-1.83832943830835e-10
1.13793103448276,-0.724137931034483,0,-2.00532203771807e-10
1.13793103448276,-0.517241379310345,0,-2.16504593053341e-10
1.13793103448276,-0.310344827586207,0,-2.2964368491459e-10
1.13793103448276,-0.103448275862069,0,-2.37795214058688e-10
1.13793103448276,0.103448275862069,0,-2.38288737179794e-10
1.13793103448276,0.310344827586207,0,-2.3061379537392e-10
1.13793103448276,0.517241379310345,0,-2.17411703905738e-10
1.13793103448276,0.724137931034483,0,-2.0137344644661e-10
1.13793103448276,0.931034482758621,0,-1.84637493791858e-10
1.13793103448276,1.13793103448276,0,-1.68609923978549e-10
1.13793103448276,1.3448275862069,0,-1.53961103666969e-10
1.13793103448276,1.55172413793103,0,-1.40900160020279e-10
1.13793103448276,1.75862068965517,0,-1.29394240113337e-10
1.13793103448276,1.96551724137931,0,-1.19304469596903e-10
1.13793103448276,2.17241379310345,0,-1.10458713223782e-10
1.13793103448276,2.37931034482759,0,-1.02686288096342e-10
1.13793103448276,2.58620689655172,0,-9.58323942713466e-11
1.13793103448276,2.79310344827586,0,-8.97625333522752e-11
1.13793103448276,3,0,-8.43623567196547e-11
1.3448275862069,-3,0,-8.20882996796169e-11
1.3448275862069,-2.79310344827586,0,-8.70572604629576e-11
1.3448275862069,-2.58620689655172,0,-9.25846298633114e-11
1.3448275862069,-2.37931034482759,0,-9.87493849686212e-11
1.3448275862069,-2.17241379310345,0,-1.05638044210528e-10
1.3448275862069,-1.96551724137931,0,-1.13340535597887e-10
1.3448275862069,-1.75862068965517,0,-1.21940916138424e-10
1.3448275862069,-1.55172413793103,0,-1.31498952145819e-10
1.3448275862069,-1.3448275862069,0,-1.42016471877656e-10
1.3448275862069,-1.13793103448276,0,-1.53380787598967e-10
1.3448275862069,-0.931034482758621,0,-1.6527993657826e-10
1.3448275862069,-0.724137931034483,0,-1.77100430911453e-10
1.3448275862069,-0.517241379310345,0,-1.87864363756451e-10
1.3448275862069,-0.310344827586207,0,-1.96315887363063e-10
1.3448275862069,-0.103448275862069,0,-2.01148490703398e-10
1.3448275862069,0.103448275862069,0,-2.01336067163141e-10
1.3448275862069,0.310344827586207,0,-1.96774607192049e-10
1.3448275862069,0.517241379310345,0,-1.88432668514491e-10
1.3448275862069,0.724137931034483,0,-1.77700649547646e-10
1.3448275862069,0.931034482758621,0,-1.65882539229586e-10
1.3448275862069,1.13793103448276,0,-1.53966841726555e-10
1.3448275862069,1.3448275862069,0,-1.42570878841859e-10
1.3448275862069,1.55172413793103,0,-1.3201195440679e-10
1.3448275862069,1.75862068965517,0,-1.22408248834731e-10
1.3448275862069,1.96551724137931,0,-1.13762096497387e-10
1.3448275862069,2.17241379310345,0,-1.0601629345926e-10
1.3448275862069,2.37931034482759,0,-9.90880627800814e-11
1.3448275862069,2.58620689655172,0,-9.28879096337717e-11
1.3448275862069,2.79310344827586,0,-8.73292609315351e-11
1.3448275862069,3,0,-8.23328398487859e-11
1.55172413793103,-3,0,-7.99145839755997e-11
1.55172413793103,-2.79310344827586,0,-8.44771983684847e-11
1.55172413793103,-2.58620689655172,0,-8.94991848237419e-11
1.55172413793103,-2.37931034482759,0,-9.50310817716509e-11
1.55172413793103,-2.17241379310345,0,-1.01122514146539e-10
1.55172413793103,-1.96551724137931,0,-1.07816287585354e-10
1.55172413793103,-1.75862068965517,0,-1.15138112551967e-10
1.55172413793103,-1.55172413793103,0,-1.23079743042392e-10
1.55172413793103,-1.3448275862069,0,-1.31573066667489e-10
1.55172413793103,-1.13793103448276,0,-1.40453787411849e-10
1.55172413793103,-0.931034482758621,0,-1.49417858071771e-10
1.55172413793103,-0.724137931034483,0,-1.5798447222112e-10
1.55172413793103,-0.517241379310345,0,-1.65495197544927e-10
1.55172413793103,-0.310344827586207,0,-1.71183103687009e-10
1.55172413793103,-0.103448275862069,0,-1.74318331869238e-10
1.55172413793103,0.103448275862069,0,-1.74415974276152e-10
1.55172413793103,0.310344827586207,0,-1.71446471751757e-10
1.55172413793103,0.517241379310345,0,-1.65864732081003e-10
1.55172413793103,0.724137931034483,0,-1.58410545154588e-10
1.55172413793103,0.931034482758621,0,-1.49868362293356e-10
1.55172413793103,1.13793103448276,0,-1.40907342066629e-10
1.55172413793103,1.3448275862069,0,-1.32014590972655e-10
1.55172413793103,1.55172413793103,0,-1.23499095519809e-10
1.55172413793103,1.75862068965517,0,-1.15529390842683e-10
1.55172413793103,1.96551724137931,0,-1.08176933519515e-10
1.55172413793103,2.17241379310345,0,-1.01452318481916e-10
1.55172413793103,2.37931034482759,0,-9.53313024099557e-11
1.55172413793103,2.58620689655172,0,-8.97718784781118e-11
1.55172413793103,2.79310344827586,0,-8.47247671889713e-11
1.55172413793103,3,0,-8.01394942758583e-11
1.75862068965517,-3,0,-7.76289693427965e-11
1.75862068965517,-2.79310344827586,0,-8.1790800370561e-11
1.75862068965517,-2.58620689655172,0,-8.63230663804047e-11
1.75862068965517,-2.37931034482759,0,-9.12542561686605e-11
1.75862068965517,-2.17241379310345,0,-9.66070440402903e-11
1.75862068965517,-1.96551724137931,0,-1.02392354837247e-10
1.75862068965517,-1.75862068965517,0,-1.08600340445165e-10
1.75862068965517,-1.55172413793103,0,-1.15187380837716e-10
1.75862068965517,-1.3448275862069,0,-1.22058705391825e-10
1.75862068965517,-1.13793103448276,0,-1.29047760457158e-10
1.75862068965517,-0.931034482758621,0,-1.35896706903597e-10
1.75862068965517,-0.724137931034483,0,-1.42247469745672e-10
1.75862068965517,-0.517241379310345,0,-1.47657211938043e-10
1.75862068965517,-0.310344827586207,0,-1.51650160787964e-10
1.75862068965517,-0.103448275862069,0,-1.53805856845186e-10
1.75862068965517,0.103448275862069,0,-1.53866275599545e-10
1.75862068965517,0.310344827586207,0,-1.51820214114291e-10
1.75862068965517,0.517241379310345,0,-1.4791064945058e-10
1.75862068965517,0.724137931034483,0,-1.42555927805006e-10
1.75862068965517,0.931034482758621,0,-1.36236552644621e-10
1.75862068965517,1.13793103448276,0,-1.29400912728774e-10
1.75862068965517,1.3448275862069,0,-1.22411727737473e-10
1.75862068965517,1.55172413793103,0,-1.15530703352482e-10
1.75862068965517,1.75862068965517,0,-1.08927656424616e-10
1.75862068965517,1.96551724137931,0,-1.02700001530154e-10
1.75862068965517,2.17241379310345,0,-9.68933564617674e-11
1.75862068965517,2.37931034482759,0,-9.15189671492045e-11
1.75862068965517,2.58620689655172,0,-8.65668107916643e-11
1.75862068965517,2.79310344827586,0,-8.20147418106608e-11
1.75862068965517,3,0,-7.7834538990448e-11
1.96551724137931,-3,0,-7.52773541169185e-11
1.96551724137931,-2.79310344827586,0,-7.90539221287038e-11
1.96551724137931,-2.58620689655172,0,-8.31236668926461e-11
1.96551724137931,-2.37931034482759,0,-8.74989074788883e-11
1.96551724137931,-2.17241379310345,0,-9.21838524269892e-11
1.96551724137931,-1.96551724137931,0,-9.71694964681195e-11
1.96551724137931,-1.75862068965517,0,-1.02426618599758e-10
1.96551724137931,-1.55172413793103,0,-1.07896753591956e-10
1.96551724137931,-1.3448275862069,0,-1.13481599572847e-10
1.96551724137931,-1.13793103448276,0,-1.19032490989343e-10
1.96551724137931,-0.931034482758621,0,-1.24343375593144e-10
1.96551724137931,-0.724137931034483,0,-1.29152728456767e-10
1.96551724137931,-0.517241379310345,0,-1.33160602864032e-10
1.96551724137931,-0.310344827586207,0,-1.36064524089429e-10
1.96551724137931,-0.103448275862069,0,-1.37611288183844e-10
1.96551724137931,0.103448275862069,0,-1.37652407685844e-10
1.96551724137931,0.310344827586207,0,-1.36182664331276e-10
1.96551724137931,0.517241379310345,0,-1.33342448463409e-10
1.96551724137931,0.724137931034483,0,-1.29381701174778e-10
1.96551724137931,0.931034482758621,0,-1.2460346486403e-10
1.96551724137931,1.13793103448276,0,-1.19309990258808e-10
1.96551724137931,1.3448275862069,0,-1.137655234483e-10
1.96551724137931,1.55172413793103,0,-1.08178749677466e-10
1.96551724137931,1.75862068965517,0,-1.02700703456219e-10
1.96551724137931,1.96551724137931,0,-9.74317009595535e-11
1.96551724137931,2.17241379310345,0,-9.24318218823773e-11
1.96551724137931,2.37931034482759,0,-8.77315059954361e-11
1.96551724137931,2.58620689655172,0,-8.33406257265178e-11
1.96551724137931,2.79310344827586,0,-7.92555529027418e-11
1.96551724137931,3,0,-7.54643301779283e-11
2.17241379310345,-3,0,-7.28989061316493e-11
2.17241379310345,-2.79310344827586,0,-7.63124960715955e-11
2.17241379310345,-2.58620689655172,0,-7.99539163709065e-11
2.17241379310345,-2.37931034482759,0,-8.38242599293334e-11
2.17241379310345,-2.17241379310345,0,-8.79159198467957e-11
2.17241379310345,-1.96551724137931,0,-9.22085950377213e-11
2.17241379310345,-1.75862068965517,0,-9.66642852236994e-11
2.17241379310345,-1.55172413793103,0,-1.01221486281593e-10
2.17241379310345,-1.3448275862069,0,-1.05789264107195e-10
2.17241379310345,-1.13793103448276,0,-1.10242601248657e-10
2.17241379310345,-0.931034482758621,0,-1.14421270041455e-10
2.17241379310345,-0.724137931034483,0,-1.18135109166351e-10
2.17241379310345,-0.517241379310345,0,-1.21178276617447e-10
2.17241379310345,-0.310344827586207,0,-1.23353116008845e-10
2.17241379310345,-0.103448275862069,0,-1.24500631432883e-10
2.17241379310345,0.103448275862069,0,-1.24530292100404e-10
2.17241379310345,0.310344827586207,0,-1.234393015527e-10
2.17241379310345,0.517241379310345,0,-1.21313492775032e-10
2.17241379310345,0.724137931034483,0,-1.18309220512145e-10
2.17241379310345,0.931034482758621,0,-1.14623539059492e-10
2.17241379310345,1.13793103448276,0,-1.10463040656321e-10
2.17241379310345,1.3448275862069,0,-1.06019303378916e-10
2.17241379310345,1.55172413793103,0,-1.01454197919644e-10
2.17241379310345,1.75862068965517,0,-9.68943676524419e-11
2.17241379310345,1.96551724137931,0,-9.24322210283557e-11
2.17241379310345,2.17241379310345,0,-8.8130514398856e-11
2.17241379310345,2.37931034482759,0,-8.40282534792134e-11
2.17241379310345,2.58620689655172,0,-8.01465066059314e-11
2.17241379310345,2.79310344827586,0,-7.64934387153881e-11
2.17241379310345,3,0,-7.30683435132377e-11
2.37931034482759,-3,0,-7.0525813278297e-11
2.37931034482759,-2.79310344827586,0,-7.36027414491586e-11
2.37931034482759,-2.58620689655172,0,-7.68534092346105e-11
2.37931034482759,-2.37931034482759,0,-8.02715724547843e-11
2.37931034482759,-2.17241379310345,0,-8.38426941105749e-11
2.37931034482759,-1.96551724137931,0,-8.75410189569731e-11
2.37931034482759,-1.75862068965517,0,-9.13262163612343e-11
2.37931034482759,-1.55172413793103,0,-9.51398997275663e-11
2.37931034482759,-1.3448275862069,0,-9.89026382777742e-11
2.37931034482759,-1.13793103448276,0,-1.02512460680766e-10
2.37931034482759,-0.931034482758621,0,-1.05846196759383e-10
2.37931034482759,-0.724137931034483,0,-1.08765083046508e-10
2.37931034482759,-0.517241379310345,0,-1.11125564512012e-10
2.37931034482759,-0.310344827586207,0,-1.12794948282268e-10
2.37931034482759,-0.103448275862069,0,-1.13669651121044e-10
2.37931034482759,0.103448275862069,0,-1.13691906833382e-10
2.37931034482759,0.310344827586207,0,-1.12860066540196e-10
2.37931034482759,0.517241379310345,0,-1.11228994457257e-10
2.37931034482759,0.724137931034483,0,-1.08900347172459e-10
2.37931034482759,0.931034482758621,0,-1.06006001176967e-10
2.37931034482759,1.13793103448276,0,-1.02689596464866e-10
2.37931034482759,1.3448275862069,0,-9.9090562288121e-11
2.37931034482759,1.55172413793103,0,-9.53330356462724e-11
2.37931034482759,1.75862068965517,0,-9.15200571569991e-11
2.37931034482759,1.96551724137931,0,-8.77321006597636e-11
2.37931034482759,2.17241379310345,0,-8.40284925667232e-11
2.37931034482759,2.37931034482759,0,-8.0450361258572e-11
2.37931034482759,2.58620689655172,0,-7.70241065952286e-11
2.37931034482759,2.79310344827586,0,-7.37647644675621e-11
2.37931034482759,3,0,-7.06789500439729e-11
2.58620689655172,-3,0,-6.81835903650461e-11
2.58620689655172,-2.79310344827586,0,-7.09520399277199e-11
2.58620689655172,-2.58620689655172,0,-7.38502383406616e-11
2.58620689655172,-2.37931034482759,0,-7.68675064709062e-11
2.58620689655172,-2.17241379310345,0,-7.99857770762035e-11
2.58620689655172,-1.96551724137931,0,-8.31775633633584e-11
2.58620689655172,-1.75862068965517,0,-8.64038336832505e-11
2.58620689655172,-1.55172413793103,0,-8.96120844152267e-11
2.58620689655172,-1.3448275862069,0,-9.27350829093724e-11
2.58620689655172,-1.13793103448276,0,-9.56909335592327e-11
2.58620689655172,-0.931034482758621,0,-9.8385222267073e-11
2.58620689655172,-0.724137931034483,0,-1.00715896193976e-10
2.58620689655172,-0.517241379310345,0,-1.02581114739322e-10
2.58620689655172,-0.310344827586207,0,-1.03889528979813e-10
2.58620689655172,-0.103448275862069,0,-1.04571462589493e-10
2.58620689655172,0.103448275862069,0,-1.04588653663365e-10
2.58620689655172,0.310344827586207,0,-1.03940062369704e-10
2.58620689655172,0.517241379310345,0,-1.02662066472843e-10
2.58620689655172,0.724137931034483,0,-1.00822963111399e-10
2.58620689655172,0.931034482758621,0,-9.85133509322827e-11
2.58620689655172,1.13793103448276,0,-9.58348993565063e-11
2.58620689655172,1.3448275862069,0,-9.28899261514043e-11
2.58620689655172,1.55172413793103,0,-8.97733865626306e-11
2.58620689655172,1.75862068965517,0,-8.65678570148243e-11
2.58620689655172,1.96551724137931,0,-8.33412887692172e-11
2.58620689655172,2.17241379310345,0,-8.01468729537497e-11
2.58620689655172,2.37931034482759,0,-7.70242562701337e-11
2.58620689655172,2.58620689655172,0,-7.40014481913608e-11
2.58620689655172,2.79310344827586,0,-7.10969417619782e-11
2.58620689655172,3,0,-6.83217504851396e-11
2.79310344827586,-3,0,-6.58917269973726e-11
2.79310344827586,-2.79310344827586,0,-6.83801475524619e-11
2.79310344827586,-2.58620689655172,0,-7.09630603706852e-11
2.79310344827586,-2.37931034482759,0,-7.36274209079787e-11
2.79310344827586,-2.17241379310345,0,-7.63538817125466e-11
2.79310344827586,-1.96551724137931,0,-7.91154488391102e-11
2.79310344827586,-1.75862068965517,0,-8.18762192055105e-11
2.79310344827586,-1.55172413793103,0,-8.45904344866786e-11
2.79310344827586,-1.3448275862069,0,-8.72021819732817e-11
2.79310344827586,-1.13793103448276,0,-8.96461442401158e-11
2.79310344827586,-0.931034482758621,0,-9.18497989249007e-11
2.79310344827586,-0.724137931034483,0,-9.37373392158533e-11
2.79310344827586,-0.517241379310345,0,-9.52352834963269e-11
2.79310344827586,-0.310344827586207,0,-9.62792855082225e-11
2.79310344827586,-0.103448275862069,0,-9.68211536349093e-11
2.79310344827586,0.103448275862069,0,-9.68347365611166e-11
2.79310344827586,0.310344827586207,0,-9.6319345352662e-11
2.79310344827586,0.517241379310345,0,-9.52998585994316e-11
2.79310344827586,0.724137931034483,0,-9.38234755645519e-11
2.79310344827586,0.931034482758621,0,-9.19539213076117e-11
2.79310344827586,1.13793103448276,0,-8.97644282205111e-11
2.79310344827586,1.3448275862069,0,-8.73308646855342e-11
2.79310344827586,1.55172413793103,0,-8.47260381448014e-11
2.79310344827586,1.75862068965517,0,-8.20156876164511e-11
2.79310344827586,1.96551724137931,0,-7.92562106988313e-11
2.79310344827586,2.17241379310345,0,-7.64938588553212e-11
2.79310344827586,2.37931034482759,0,-7.37649992929218e-11
2.79310344827586,2.58620689655172,0,-7.10970390602585e-11
2.79310344827586,2.79310344827586,0,-6.85096775946391e-11
2.79310344827586,3,0,-6.60162486944977e-11
3,-3,0,-6.36645024196395e-11
3,-2.79310344827586,0,-6.59005051827206e-11
3,-2.58620689655172,0,-6.82030932871639e-11
3,-2.37931034482759,0,-7.0558270719751e-11
3,-2.17241379310345,0,-7.29468210488029e-11
3,-1.96551724137931,0,-7.53434638711601e-11
3,-1.75862068965517,0,-7.77161672117726e-11
3,-1.55172413793103,0,-8.00257901560743e-11
3,-1.3448275862069,0,-8.22262741315747e-11
3,-1.13793103448276,0,-8.42656188309012e-11
3,-0.931034482758621,0,-8.60878432339382e-11
3,-0.724137931034483,0,-8.76360183262087e-11
3,-0.517241379310345,0,-8.88562569191204e-11
3,-0.310344827586207,0,-8.97022824008701e-11
3,-0.103448275862069,0,-9.01399410283965e-11
3,0.103448275862069,0,-9.01508723228705e-11
3,0.310344827586207,0,-8.97346022262328e-11
3,0.517241379310345,0,-8.89086034687567e-11
3,0.724137931034483,0,-8.77063066730947e-11
3,0.931034482758621,0,-8.61734928069565e-11
3,1.13793103448276,0,-8.43637954698646e-11
3,1.3448275862069,0,-8.23341078827979e-11
3,1.55172413793103,0,-8.01405465714353e-11
3,1.75862068965517,0,-7.78353652731398e-11
3,1.96551724137931,0,-7.54649440019346e-11
3,2.17241379310345,0,-7.30687719917501e-11
3,2.37931034482759,0,-7.0679225805268e-11
3,2.58620689655172,0,-6.83219062274783e-11
3,2.79310344827586,0,-6.60163140283563e-11
3,3,0,-6.37766883730991e-11
