0.79927042873087,0.0959986834218851,0.284011888454294,-3.1508927399099e-10
-0.319754780871816,0.40970155049956,-0.524934916290557,-3.40672515408503e-10
0.676019921466164,-0.508699758784599,-0.49406229121602,-2.82754313544443e-10
0.241640469035597,-0.12377870520905,-0.668799767757971,-3.44118179755425e-10
0.828405833343465,-0.148699187090892,0.0751191920459773,-3.17136797683862e-10
-0.129463970568349,-0.562454970422862,-0.503837030103529,-3.34899860411599e-10
-0.56104135888089,0.316652621947989,0.32738919031256,-3.43949062902655e-10
-0.0876345006659045,-0.217336484269604,-0.439516649208454,-3.82269540112043e-10
0.80667234664505,-0.0400745886975233,-0.462376315131225,-2.95888383854044e-10
-0.686969273638604,-0.114268230054789,0.275736139753062,-3.38528885166264e-10
-0.252615684759284,0.169382598978188,0.226697433167784,-3.96834031837033e-10
-0.0977578837521365,0.433293010205078,-0.729073718828223,-3.15072450647351e-10
0.258504045435356,-0.633692949982652,-0.658513507966467,-2.90862274467094e-10
-0.560623550741363,-0.635091450533213,-0.156951050142048,-3.13193706098881e-10
0.519177187802663,-0.80988471030969,0.0738844367287774,-2.86830654390615e-10
-0.39356032903516,-0.158625963455772,-0.274707725501779,-3.81231271796019e-10
0.0151867296165729,-0.902464741814401,-0.0378244549468518,-3.02866970914469e-10
0.39274962276667,-0.166197034289851,0.78358434245493,-3.05690616593737e-10
-0.175068690579278,-0.345266531245237,-0.267925179691181,-3.85966289412612e-10
-0.0430894870945835,0.750600181606228,0.249965699877881,-3.2919512921417e-10
0.637168372087314,-0.1813393666362,-0.74190376937091,-2.78663612044012e-10
-0.805309782634204,-0.142715905931091,-0.387652426754938,-3.02448075322853e-10
0.620384314692793,0.405903673365126,0.304595278120108,-3.27146922635854e-10
0.0538344673648077,0.190432566079748,-0.630494102030172,-3.55906976687284e-10
-0.282118114351309,-0.498155639388202,0.648258563590029,-3.12391613630889e-10
-0.497822314144851,-0.510021749078162,0.119480776876497,-3.4395031567994e-10
-0.681178265390924,-0.33335519856783,-0.200068238324084,-3.30957046350203e-10
0.163979881869561,0.683720658423594,-0.202069306070596,-3.42135268544283e-10
-0.44050198172538,0.489944811735475,0.415658070271509,-3.32114434112689e-10
-0.544681462153509,-0.0382760438361429,0.0983529090916742,-3.73920388680687e-10
0.52213406979933,-0.421132862552101,0.152067548923583,-3.50815771805966e-10
-0.434129577872102,0.284794832989643,-0.721372985609278,-3.06522665280791e-10
0.55341839820318,-0.461954111745268,-0.662472348688973,-2.82942021119147e-10
0.504260938086964,0.486414863515947,0.398894305719311,-3.26083987722603e-10
-0.603928833800477,0.185510611025908,0.2352543792402,-3.53417975835756e-10
0.508034840054546,0.214391122989116,-0.742913784316533,-2.97293748245484e-10
-0.379754974459021,0.115942975975861,-0.597957196955511,-3.44928866989213e-10
0.754541316701081,-0.193363583931109,0.580847430000704,-2.8498634738541e-10
0.266426434578408,-0.382550452884615,0.487647816827619,-3.53327774526974e-10
-0.544910697045167,0.0547755257010927,-0.787706464900143,-2.88287194954815e-10
-0.45649532319589,0.188041093173367,0.139587424008549,-3.80152548905744e-10
0.27302868610817,-0.685351861881423,0.484127080333022,-3.08105839566633e-10
0.723928406041122,-0.222745596510397,0.273798375023066,-3.26277310627614e-10
0.231601387294865,0.355700398868373,0.040964877033836,-3.91530244852325e-10
0.00364511756043862,-0.373154649998154,0.106177965368409,-3.95906596267554e-10
0.490681873730398,0.63369021344418,0.351481796513643,-3.09888632278675e-10
0.090113742685733,0.0305299460407569,0.589324131332595,-3.67134882420608e-10
-0.0156911115247824,0.407676102146385,0.437156419414133,-3.66968711526237e-10
-0.235562100598659,0.0136827669646702,0.93281522124754,-2.87518632989517e-10
-0.439029122442953,-0.247909433929302,0.793535529093003,-2.93387636202325e-10
0.352253197610167,0.590666184356373,0.350812099000791,-3.33629780819864e-10
0.611103005604739,-0.125638810173912,-0.0114884645012503,-3.62520482964934e-10
-0.280267394368727,-0.355604860938279,-0.181130332472496,-3.83705869700825e-10
0.0718188500929275,0.403124548130842,0.244391717418111,-3.85162130486051e-10
-0.479594758752531,-0.33534787801241,0.360762855989341,-3.50882048500717e-10
0.310967520229078,-0.128194283591768,-0.176322378158299,-3.96788316445327e-10
0.593379678183559,-0.438755523508751,-0.437856118346969,-3.14015212041578e-10
-0.310831755283902,0.859644941435302,-0.201281291166934,-2.94484206917666e-10
0.217738985688921,-0.376848462946778,-0.78394934187384,-3.04565881197569e-10
-0.674324875868845,-0.0238384692865106,-0.00118834755723585,-3.53305921962499e-10
0.162156416438783,-0.408634034299453,0.0454275994875897,-3.8964310512656e-10
-0.376371196096027,-0.806279690867599,0.259308367114584,-2.96880594183224e-10
-0.00395185987529523,0.396822404379011,0.415822440256385,-3.70765114105211e-10
0.462600551610867,-0.601534176283346,-0.11711524494541,-3.34539721431767e-10
0.44862649350654,-0.445660491862098,0.0452855559897323,-3.60765322504891e-10
0.241226503440052,-0.719023502795269,-0.201819548360867,-3.30853036995249e-10
0.0935905020752861,-0.0575331275372681,-0.476824438079646,-3.83479632954214e-10
0.611202856779394,0.183569566761701,-0.273452124194911,-3.49566725457174e-10
-0.133735128073537,0.627034426562993,0.0388918668003049,-3.59277483657996e-10
-0.440103910074476,0.264135471098905,-0.139515459228641,-3.77399889719492e-10
-0.606344683361501,-0.306657979061166,0.223476104560314,-3.45428835982857e-10
0.10875924131998,-0.235262354694294,0.485932660702314,-3.74551004916661e-10
0.588066226779567,-0.324429674634044,-0.509766675955401,-3.17567779426944e-10
0.0984948345977366,0.645418436989603,0.277360329791861,-3.4660754906779e-10
0.438948941769911,0.0708611728642974,-0.569404169500053,-3.43991931963673e-10
-0.475197612455466,-0.684456225514031,-0.250886271701705,-3.11100704259072e-10
0.040819397084634,-0.263385150081375,0.945401913660822,-2.82089569931594e-10
0.536752090506948,0.017910691929681,0.589856471320871,-3.27997442503849e-10
0.373635830204339,0.774880480806309,-0.482360416410914,-2.80969963680458e-10
0.297444175470729,0.254844194135762,-0.783058112467522,-3.09788830171238e-10
0.270880502779467,0.616640880024699,-0.12986763580656,-3.5118236356565e-10
0.771766270382189,0.175758517528233,-0.443954071037553,-3.01826936470163e-10
-0.784757600229809,-0.358990842387553,-0.087617295940186,-3.11767097847364e-10
0.465956334160631,0.248679985297744,-0.250695353651401,-3.69169043650603e-10
0.82895199436118,0.0288981612010877,-0.517403305171971,-2.83371884329018e-10
0.0918488750991651,-0.212615614222718,-0.830599187989016,-3.13015207310955e-10
-0.593505045135861,0.640791177196878,0.0451884544259387,-3.1003176144354e-10
0.544715482035497,0.28184203428539,-0.591964760165384,-3.15383350072431e-10
-0.356897133931239,-0.493132218109779,-0.72084829821859,-2.9251593146096e-10
0.0952225480844904,-0.112283688121474,0.281551137670598,-4.02838000680344e-10
0.00653486357597877,0.37724276278875,0.80532694696591,-3.06399111001765e-10
0.265605340201509,0.209785515208714,0.27639738217737,-3.90256366513648e-10
0.36806951655566,-0.226958993336039,-0.086238060558482,-3.89771212737824e-10
-0.414867446858996,0.19777937244302,-0.693113713923852,-3.20265710251012e-10
-0.00448821541297062,0.216012291987483,0.755066560423719,-3.30729950311235e-10
0.492125878178693,0.12973255194914,0.489407149392572,-3.47261099497132e-10
-0.493716376100001,-0.531835436304528,0.686987866650302,-2.77342308754984e-10
-0.40435211412616,-0.632479520748328,0.329825862026991,-3.229677801997e-10
0.817158820650831,0.00880129644990379,-0.33071773456419,-3.08313839451204e-10
0.0374117561680154,0.834227732417113,0.317343574090904,-3.05382334919788e-10
