0,0,0,0,0,0,0,0,0,0,0,0,0,0,0,0,0,0,0,0,0,0,0,0,0,0,0,0,0,0,0,0,0,0,0,0,0,0,0,0,0,0,0,0,0,0,0,0,0,0,0
0,-0.00137939468288135,0,0,0,0,0,0,0,0,0,0,0,0,0,0,0,0,0,0,0,0,0,0,0,0,0,0,0,0,0,0,0,0,0,0,0,0,0,0,0,0,0,0,0,0,0,0,0,0,0
0,-0.000513806561448077,-0.000198983332667273,0,0,0,0,0,0,0,0,0,0,0,0,0,0,0,0,0,0,0,0,0,0,0,0,0,0,0,0,0,0,0,0,0,0,0,0,0,0,0,0,0,0,0,0,0,0,0,0
0,-0.000454121573134883,-0.000544028558194026,0.00311584259411423,0,0,0,0,0,0,0,0,0,0,0,0,0,0,0,0,0,0,0,0,0,0,0,0,0,0,0,0,0,0,0,0,0,0,0,0,0,0,0,0,0,0,0,0,0,0,0
0,-0.000178496482967554,0.000653323962941836,0.000605326021821877,-0.00162796638641701,0,0,0,0,0,0,0,0,0,0,0,0,0,0,0,0,0,0,0,0,0,0,0,0,0,0,0,0,0,0,0,0,0,0,0,0,0,0,0,0,0,0,0,0,0,0
0,0.000132291981046357,0.000756580779265668,-0.000675498463709216,-0.00129012990420991,0.00270839581117239,0,0,0,0,0,0,0,0,0,0,0,0,0,0,0,0,0,0,0,0,0,0,0,0,0,0,0,0,0,0,0,0,0,0,0,0,0,0,0,0,0,0,0,0,0
0,0.000179126521564077,-0.000219356745368148,-0.000556467351348004,0.000494049484924662,0.00091832736200814,-0.00108384694820643,0,0,0,0,0,0,0,0,0,0,0,0,0,0,0,0,0,0,0,0,0,0,0,0,0,0,0,0,0,0,0,0,0,0,0,0,0,0,0,0,0,0,0,0
0,-1.33877563735062e-05,-0.000426000053603535,0.000104476919956908,0.00077136438116504,-0.000442087154086856,-0.000917567642375715,0.00159466847730389,0,0,0,0,0,0,0,0,0,0,0,0,0,0,0,0,0,0,0,0,0,0,0,0,0,0,0,0,0,0,0,0,0,0,0,0,0,0,0,0,0,0,0
0,-0.000101419130644727,3.22171044340802e-05,0.000314297436669349,-9.10504692129584e-05,-0.000542120312550986,0.000213595084066995,0.00072558365918179,-0.00056111985694063,0,0,0,0,0,0,0,0,0,0,0,0,0,0,0,0,0,0,0,0,0,0,0,0,0,0,0,0,0,0,0,0,0,0,0,0,0,0,0,0,0,0
0,-1.29801865792535e-05,0.000190177586847386,2.17483964980481e-05,-0.000354683909453471,3.11378901573813e-05,0.000462831721230219,-0.000225327683344399,-0.000463506180320461,0.000809971392802511,0,0,0,0,0,0,0,0,0,0,0,0,0,0,0,0,0,0,0,0,0,0,0,0,0,0,0,0,0,0,0,0,0,0,0,0,0,0,0,0,0
0,4.53403701563224e-05,1.98387683961298e-05,-0.000141769194290578,-2.50221830386627e-05,0.000251451349035607,2.64680512279947e-06,-0.000367794324100772,6.72299012497222e-05,0.000445954485311668,-0.00029250477003623,0,0,0,0,0,0,0,0,0,0,0,0,0,0,0,0,0,0,0,0,0,0,0,0,0,0,0,0,0,0,0,0,0,0,0,0,0,0,0,0
0,1.35063894091679e-05,-6.87922254153217e-05,-3.57645772749677e-05,0.000132290693383657,4.10372697689181e-05,-0.000183713113011444,-8.69293584672972e-06,0.000211309168766846,-9.75934328863901e-05,-0.000191691810965984,0.000382378281218436,0,0,0,0,0,0,0,0,0,0,0,0,0,0,0,0,0,0,0,0,0,0,0,0,0,0,0,0,0,0,0,0,0,0,0,0,0,0,0
0,-1.56806425649336e-05,-2.27138610699453e-05,5.02363770549659e-05,3.82141890266272e-05,-9.31876976137352e-05,-4.11005898442294e-05,0.000145928575038427,2.68627693376509e-05,-0.000201373935393518,1.79734043700815e-05,0.000230941805162888,-0.000174865670198312,0,0,0,0,0,0,0,0,0,0,0,0,0,0,0,0,0,0,0,0,0,0,0,0,0,0,0,0,0,0,0,0,0,0,0,0,0,0
0,-9.03311722228642e-06,1.66149051746973e-05,2.59160233358692e-05,-3.39228243390576e-05,-3.8436906091481e-05,5.20440197098821e-05,4.06774801801855e-05,-6.90910957590797e-05,-2.16631493719838e-05,7.89362637004963e-05,-3.68260015330713e-05,-6.91498710014609e-05,0.000181464430555371,0,0,0,0,0,0,0,0,0,0,0,0,0,0,0,0,0,0,0,0,0,0,0,0,0,0,0,0,0,0,0,0,0,0,0,0,0
0,2.91708700656692e-06,1.37334469767099e-05,-1.04551988425921e-05,-2.4551985092469e-05,2.26812563144242e-05,3.04446072229627e-05,-4.14633827007456e-05,-3.03863800227919e-05,6.66210692413034e-05,2.20257329021388e-05,-9.29382393068959e-05,6.83611035872655e-06,0.000102594340488013,-0.000118994104713819,0,0,0,0,0,0,0,0,0,0,0,0,0,0,0,0,0,0,0,0,0,0,0,0,0,0,0,0,0,0,0,0,0,0,0,0
0,4.86792584644031e-06,1.34027295580297e-06,-1.44541060256066e-05,-1.187584253732e-06,2.33823838798078e-05,-1.83589146538794e-06,-3.02629973284796e-05,8.38686498473098e-06,3.16222664694169e-05,-1.73117781337357e-05,-2.05844056634481e-05,2.46196398925088e-05,-1.37526997869163e-05,-2.31640946278414e-05,9.75463855886114e-05,0,0,0,0,0,0,0,0,0,0,0,0,0,0,0,0,0,0,0,0,0,0,0,0,0,0,0,0,0,0,0,0,0,0,0
0,1.25867354068726e-06,-5.52803654088798e-06,-2.88655169874505e-06,1.02741219335381e-05,2.06336615494372e-06,-1.37949687432295e-05,2.34537665809142e-06,1.60943886529665e-05,-1.1091204286067e-05,-1.70042606246652e-05,2.39506081719977e-05,1.38231259768783e-05,-3.71681450167018e-05,4.85023623198472e-06,3.90360851742615e-05,-8.50387475222407e-05,0,0,0,0,0,0,0,0,0,0,0,0,0,0,0,0,0,0,0,0,0,0,0,0,0,0,0,0,0,0,0,0,0,0
0,-1.98198445944586e-06,-4.94284611062752e-06,6.07444927629657e-06,8.9317069006036e-06,-1.05255787303078e-05,-1.09280507103633e-05,1.53393117206177e-05,1.00158400702148e-05,-1.97207961861505e-05,-5.93086923144329e-06,2.11617268231727e-05,-3.53958013462255e-07,-1.46775832092427e-05,6.28070993254845e-06,-7.39335615528775e-06,-7.64855751269204e-06,6.42250681107224e-05,0,0,0,0,0,0,0,0,0,0,0,0,0,0,0,0,0,0,0,0,0,0,0,0,0,0,0,0,0,0,0,0,0
0,-1.86305077750946e-06,6.84725858420489e-07,5.11866977208557e-06,-1.44865569358159e-06,-7.11714325987437e-06,2.46647548192454e-06,7.34589604215692e-06,-4.04883133757122e-06,-5.34946641163301e-06,6.4715443220614e-06,5.76836052194663e-07,-9.2277627371299e-06,6.85861680523814e-06,9.1153434806708e-06,-1.39825099265573e-05,3.66273214817384e-06,1.27772987572846e-05,-6.05885477289587e-05,0,0,0,0,0,0,0,0,0,0,0,0,0,0,0,0,0,0,0,0,0,0,0,0,0,0,0,0,0,0,0,0
0,2.8271056562117e-07,3.87963862940858e-06,-1.03105791169921e-06,-7.3649932317525e-06,2.33709343683347e-06,9.93714818517906e-06,-4.54207277743772e-06,-1.09904039553854e-05,7.72569865657729e-06,1.00677507082145e-05,-1.12144263779934e-05,-7.16943143342118e-06,1.294888173365e-05,2.97261940953739e-06,-9.09537453495448e-06,1.01975703328098e-06,-6.13550362564211e-06,-2.25488088839991e-06,4.86704226453588e-05,0,0,0,0,0,0,0,0,0,0,0,0,0,0,0,0,0,0,0,0,0,0,0,0,0,0,0,0,0,0,0
0,1.38322718142447e-06,1.41276707158245e-06,-3.88824991601691e-06,-2.51686988916978e-06,5.72702077761511e-06,2.98662416445035e-06,-6.72113528101602e-06,-2.47455261305004e-06,6.75646664721393e-06,6.61266568348249e-07,-5.49703299252364e-06,2.5092022176431e-06,2.42867603036834e-06,-6.1530736996733e-06,2.27262097214541e-06,7.06815420835553e-06,-6.14879384303454e-06,2.42295810631174e-06,3.88628840992176e-06,-4.26082151896586e-05,0,0,0,0,0,0,0,0,0,0,0,0,0,0,0,0,0,0,0,0,0,0,0,0,0,0,0,0,0,0
0,5.42033630216767e-07,-2.15704042006567e-06,-1.45467366965902e-06,4.22183017616289e-06,1.85104415228045e-06,-6.00750494334804e-06,-1.39220551001887e-06,7.21855032303961e-06,-1.87050816726845e-07,-7.5426016557392e-06,2.87245439354885e-06,6.79592108346388e-06,-6.00195707481758e-06,-5.03548051933759e-06,7.87413671660537e-06,2.62566075451017e-06,-5.57532311669305e-06,-4.05466308480578e-07,-5.29941192908063e-06,-8.03906368217341e-09,3.79908918263448e-05,0,0,0,0,0,0,0,0,0,0,0,0,0,0,0,0,0,0,0,0,0,0,0,0,0,0,0,0,0
0,-8.2120257247856e-07,-1.90764502276659e-06,2.30916051769965e-06,3.53081478766944e-06,-3.41747768283935e-06,-4.5842521947554e-06,4.09840677204461e-06,4.78646770580333e-06,-4.40266705123363e-06,-3.87704501138175e-06,4.26177126168302e-06,1.68449778289122e-06,-3.33640029951832e-06,1.6461575336616e-06,1.23594126411386e-06,-5.10464015571344e-06,1.72739668944148e-06,5.90317460357834e-06,-3.64210850762865e-06,1.53590072735387e-06,1.39587274646759e-06,-2.98385547490924e-05,0,0,0,0,0,0,0,0,0,0,0,0,0,0,0,0,0,0,0,0,0,0,0,0,0,0,0,0
0,-8.07836822465066e-07,9.9643619180217e-07,2.28308167972095e-06,-2.00102593398531e-06,-3.34646491212917e-06,2.9703226600488e-06,3.74614853949649e-06,-3.79159373081162e-06,-3.25745328099396e-06,4.31304840463312e-06,1.73867810965143e-06,-4.40394130490485e-06,7.06432984083237e-07,4.00337407727287e-06,-3.47316757060221e-06,-3.13617511519768e-06,5.23365341104331e-06,1.95466062126067e-06,-3.85786514454305e-06,-9.29851185890437e-07,-3.95757599392335e-06,1.04997038197812e-06,2.8746361207008e-05,0,0,0,0,0,0,0,0,0,0,0,0,0,0,0,0,0,0,0,0,0,0,0,0,0,0,0
0,4.51564541844441e-07,1.67070358568945e-06,-1.26060135293815e-06,-3.14737290495649e-06,1.83924437379925e-06,4.23547122796028e-06,-2.17087025123751e-06,-4.74401781214701e-06,2.33500076233781e-06,4.49305407966176e-06,-2.38774616984528e-06,-3.32909700099914e-06,2.22058812526829e-06,1.18757958343815e-06,-1.54712591448953e-06,1.70860509857933e-06,1.65171640294973e-07,-4.42971260353514e-06,1.53654737572673e-06,4.77856179537074e-06,-2.25955478034046e-06,1.08006346198253e-06,6.0386531254042e-07,-2.10175757597547e-05,0,0,0,0,0,0,0,0,0,0,0,0,0,0,0,0,0,0,0,0,0,0,0,0,0,0
0,7.69002695763442e-07,-4.69088452031675e-07,-2.20168215757829e-06,9.5165237189851e-07,3.33326868141613e-06,-1.44107880669225e-06,-3.99919946169717e-06,1.90161493651951e-06,4.05862815242074e-06,-2.27663199779567e-06,-3.38914841751331e-06,2.51035982858149e-06,1.93309439419897e-06,-2.56724181649653e-06,1.76709601016553e-07,2.43199146214338e-06,-2.45010025541076e-06,-2.10105713690864e-06,3.92170591063267e-06,1.62680247247964e-06,-3.09070244040696e-06,-1.26403679277993e-06,-2.49129482185307e-06,1.47580047219433e-06,2.07850225249283e-05,0,0,0,0,0,0,0,0,0,0,0,0,0,0,0,0,0,0,0,0,0,0,0,0,0
0,-2.62962775858617e-07,-1.20697726819407e-06,7.33695846895017e-07,2.3021245542469e-06,-1.06546365904204e-06,-3.1724614899576e-06,1.24058350373195e-06,3.70608463871785e-06,-1.30877648636115e-06,-3.79563397168465e-06,1.33874160638914e-06,3.33882927821709e-06,-1.33711455905198e-06,-2.24544483997219e-06,1.1927377311436e-06,4.91522836714837e-07,-7.30296858369451e-07,1.71331577495987e-06,-8.21585663627424e-08,-3.61797689194839e-06,8.79801468180779e-07,3.60681146202214e-06,-9.50448267073712e-07,8.76924503365074e-07,6.68183958359619e-08,-1.49448606850559e-05,0,0,0,0,0,0,0,0,0,0,0,0,0,0,0,0,0,0,0,0,0,0,0,0
0,-6.01604756805302e-07,3.17164181812867e-07,1.73191562209054e-06,-6.29898446470125e-07,-2.65803657728221e-06,9.29574523925788e-07,3.28086722563137e-06,-1.20115171003941e-06,-3.52693350450064e-06,1.42531179883783e-06,3.32785920137453e-06,-1.58593639204116e-06,-2.61690438966876e-06,1.67905275191778e-06,1.37312794729019e-06,-1.71387780357766e-06,2.86204621491221e-07,1.7001226531766e-06,-2.00568120738355e-06,-1.63699289998517e-06,3.12812740408379e-06,1.54146179940848e-06,-2.61744202313704e-06,-1.50362802823958e-06,-1.33674508012499e-06,1.52872390978079e-06,1.44662369551397e-05,0,0,0,0,0,0,0,0,0,0,0,0,0,0,0,0,0,0,0,0,0,0,0
0,1.75000618812873e-07,7.56499869432743e-07,-4.9724228702046e-07,-1.45645286893242e-06,7.45756101110389e-07,2.04289929490974e-06,-9.00562236910948e-07,-2.45978827319068e-06,9.74645976433604e-07,2.65345249084191e-06,-1.0033327953235e-06,-2.56979610981158e-06,1.01357465223834e-06,2.14668860519865e-06,-9.87540346301614e-07,-1.31649486163367e-06,8.56190931622928e-07,5.54887543869515e-08,-5.61346521069366e-07,1.47823998541047e-06,1.7751880377837e-07,-2.72593731379383e-06,2.41665781838932e-08,2.54964237627484e-06,1.99974928075173e-07,7.50744913151125e-07,-4.05676834500508e-07,-1.07016619690802e-05,0,0,0,0,0,0,0,0,0,0,0,0,0,0,0,0,0,0,0,0,0,0
0,4.10181104668745e-07,-2.97677728078648e-07,-1.18408790630976e-06,5.80431549304256e-07,1.82971172469965e-06,-8.33843232901629e-07,-2.29107314042672e-06,1.04414481536936e-06,2.53546760278502e-06,-1.19893348806618e-06,-2.53599974918598e-06,1.29045076957075e-06,2.25508996997194e-06,-1.32208046454859e-06,-1.65004053188847e-06,1.31430714631848e-06,7.11575090661553e-07,-1.30240345437787e-06,4.76300350519433e-07,1.32194350851551e-06,-1.68195949205722e-06,-1.3922851771083e-06,2.48177783679602e-06,1.51209881682661e-06,-2.1582799981934e-06,-1.62473708589919e-06,-6.33823001344886e-07,1.3852085326365e-06,9.83845539614509e-06,0,0,0,0,0,0,0,0,0,0,0,0,0,0,0,0,0,0,0,0,0
0,-1.22900738960995e-07,-4.06168044672447e-07,3.60395213948433e-07,7.87355205816878e-07,-5.72871664554462e-07,-1.11924907426632e-06,7.45019863612465e-07,1.37932066883273e-06,-8.67309910813904e-07,-1.54738997889378e-06,9.39748088147514e-07,1.60286403229831e-06,-9.69021238151823e-07,-1.51628651007299e-06,9.57434465002662e-07,1.23879715696436e-06,-8.93462000322245e-07,-7.05576590116911e-07,7.63627376226059e-07,-1.18522190765425e-07,-5.96856408664519e-07,1.12908800467082e-06,5.10352096506551e-07,-1.93021060511135e-06,-6.60348412273178e-07,1.7337339764545e-06,9.75887078633543e-07,6.21113796386714e-07,-7.24865464372766e-07,-7.67870236952939e-06,0,0,0,0,0,0,0,0,0,0,0,0,0,0,0,0,0,0,0,0
0,-2.45522426976702e-07,2.76740044490427e-07,7.09586685721986e-07,-5.40441101352334e-07,-1.0997402013575e-06,7.77863124366666e-07,1.38618552442676e-06,-9.75146075494263e-07,-1.55646477573454e-06,1.11781977173614e-06,1.60527257763519e-06,-1.19296025280714e-06,-1.52033723888594e-06,1.19517843739956e-06,1.27562221897312e-06,-1.13570483493294e-06,-8.41367404971928e-07,1.0494390186322e-06,2.10870720020968e-07,-9.9204658749347e-07,5.67168043894624e-07,1.02289977322688e-06,-1.35948454503871e-06,-1.17814881618766e-06,1.90290833175667e-06,1.4332181527922e-06,-1.68628156574548e-06,-1.61029724352858e-06,-2.97831549522931e-07,1.15895587873004e-06,6.64111700708371e-06,0,0,0,0,0,0,0,0,0,0,0,0,0,0,0,0,0,0,0
0,7.56779420544658e-08,1.67680566203797e-07,-2.31524041071292e-07,-3.2659509616632e-07,3.96517844523118e-07,4.69139902047886e-07,-5.6496743331264e-07,-5.89869456626497e-07,7.21005494496278e-07,6.85758519908858e-07,-8.44514351911223e-07,-7.54399833039832e-07,9.18496927372695e-07,7.88328574805803e-07,-9.33031354861736e-07,-7.65160784737431e-07,8.85372260411603e-07,6.38620311869516e-07,-7.82855986470815e-07,-3.44264933722493e-07,6.57355646059938e-07,-1.60584181435079e-07,-5.86897435288128e-07,8.1271098987724e-07,6.88668174236857e-07,-1.33757028011834e-06,-1.01747189082139e-06,1.183826976173e-06,1.3285341829483e-06,4.78760493080047e-07,-8.46986962326497e-07,-5.49356466893691e-06,0,0,0,0,0,0,0,0,0,0,0,0,0,0,0,0,0,0
0,1.24260905199854e-07,-2.15752849382186e-07,-3.58904056034611e-07,4.27375026644071e-07,5.55572465182672e-07,-6.28532840582799e-07,-6.99495436027517e-07,8.08861663769989e-07,7.8645991630917e-07,-9.53190877993412e-07,-8.18556629102476e-07,1.04301453083704e-06,7.96183018219964e-07,-1.06164208199638e-06,-7.10907103935779e-07,1.0034969061473e-06,5.44641497775437e-07,-8.85217071364335e-07,-2.77584608516728e-07,7.52527515100825e-07,-9.82584801961341e-08,-6.75342000097385e-07,5.6509794236842e-07,7.268459244619e-07,-1.05944648445436e-06,-9.46800168399271e-07,1.41851324377399e-06,1.28216206995658e-06,-1.2603140659363e-06,-1.47514158937066e-06,-1.74487438585849e-07,9.13660951051319e-07,4.49993842030263e-06,0,0,0,0,0,0,0,0,0,0,0,0,0,0,0,0,0
0,-2.77494720676727e-08,-2.25903101343899e-08,9.48651221740979e-08,4.4326114226302e-08,-1.91595210861556e-07,-6.52586777432235e-08,3.22387353353626e-07,8.70146675085695e-08,-4.75346554974712e-07,-1.12988013217675e-07,6.25854015781511e-07,1.47573613020914e-07,-7.44588185112274e-07,-1.93443665140318e-07,8.06249161769644e-07,2.4571007546474e-07,-7.96223394100174e-07,-2.83387673087557e-07,7.15874973703367e-07,2.62957749797694e-07,-5.90218831906561e-07,-1.24794675613942e-07,4.7897482066538e-07,-1.74447753381474e-07,-4.7894661552431e-07,5.99086796735294e-07,6.86309379814997e-07,-9.58328942550696e-07,-1.08226538078854e-06,8.5319924413075e-07,1.35230983044524e-06,3.39689111402667e-07,-8.07017733134761e-07,-3.90144876330153e-06,0,0,0,0,0,0,0,0,0,0,0,0,0,0,0,0
0,-4.49388102868883e-08,1.2796185505983e-07,1.29036391366746e-07,-2.61273223559999e-07,-1.97175661867861e-07,4.01776720025886e-07,2.42925466087462e-07,-5.44999693699997e-07,-2.64727984887756e-07,6.78707634966535e-07,2.65036358424873e-07,-7.83567023432409e-07,-2.47357812754559e-07,8.36849053603908e-07,2.123249457494e-07,-8.19911771459488e-07,-1.54967421884569e-07,7.28900654424781e-07,6.49895840687454e-08,-5.85513892180731e-07,7.03211232580327e-08,4.41946822858736e-07,-2.62769633881028e-07,-3.7350367234361e-07,5.18310317948574e-07,4.5483121117269e-07,-8.17187874612152e-07,-7.17695926093493e-07,1.0534819983555e-06,1.08331730186424e-06,-9.26423673672471e-07,-1.26022198831454e-06,-1.38042984618035e-07,6.82880850778749e-07,3.07248678461851e-06,0,0,0,0,0,0,0,0,0,0,0,0,0,0,0
0,-1.49472233696065e-08,-5.48609382093241e-08,3.05904404851066e-08,1.06663529425022e-07,-7.98391281618074e-09,-1.52136016798842e-07,-6.47239587238623e-08,1.87625694422699e-07,1.83269563604623e-07,-2.08969502024697e-07,-3.28113832562907e-07,2.11479631593437e-07,4.69619151851834e-07,-1.90520321575595e-07,-5.75725864525926e-07,1.43705154174665e-07,6.19989243634988e-07,-7.57421712729361e-08,-5.89004994270576e-07,5.37413080854314e-09,4.90070189089862e-07,2.97232793912348e-08,-3.59959512237456e-07,2.16515700403801e-08,2.70838295011164e-07,-1.99390780670863e-07,-3.19008303069754e-07,4.8505982594502e-07,5.73273287101666e-07,-7.4274335346499e-07,-9.69387670212183e-07,6.69440355565896e-07,1.18787754592764e-06,2.18937686046419e-07,-6.73224975905231e-07,-2.73739543336425e-06,0,0,0,0,0,0,0,0,0,0,0,0,0,0
0,-1.16320518243379e-09,-4.10443765030653e-08,4.68738836394782e-09,9.36027784815671e-08,-1.17058953125116e-08,-1.65542233382991e-07,2.40718177667118e-08,2.58110107801663e-07,-4.26108474942447e-08,-3.64165168646843e-07,6.66190420166141e-08,4.68049325747788e-07,-9.39770449496574e-08,-5.47641327057696e-07,1.22133293849274e-07,5.7925538475307e-07,-1.49590678309504e-07,-5.45674900272868e-07,1.77213166466072e-07,4.46268474784622e-07,-2.09238621140732e-07,-3.0596240263955e-07,2.54893754030567e-07,1.7791826239984e-07,-3.30720721307326e-07,-1.34517824038747e-07,4.58074265787943e-07,2.42775320520136e-07,-6.40198226921109e-07,-5.21152889382712e-07,8.00230464720387e-07,8.74170809375119e-07,-6.91646239558587e-07,-1.01537983502977e-06,-1.19102899769117e-07,4.84580835686657e-07,2.10513009121245e-06,0,0,0,0,0,0,0,0,0,0,0,0,0
0,4.53890053040324e-08,8.78567273089191e-08,-1.22426515308593e-07,-1.70655714669552e-07,1.61457690221231e-07,2.43849492867968e-07,-1.4717646067911e-07,-3.03741136196648e-07,7.70362363294289e-08,3.47480602028824e-07,3.77838218119329e-08,-3.72632153024308e-07,-1.74490921826324e-07,3.76529786330202e-07,3.03362602314383e-07,-3.56148893271575e-07,-3.94013817539751e-07,3.09652119078471e-07,4.22409100387375e-07,-2.4050740912651e-07,-3.78487497896027e-07,1.63494244684865e-07,2.74622541964673e-07,-1.09019082714181e-07,-1.53479995094776e-07,1.19288650655526e-07,8.88497470801121e-08,-2.29532805339189e-07,-1.66229522443499e-07,4.31481514445522e-07,4.28468091533131e-07,-6.23836356846264e-07,-7.88149136290487e-07,5.65421585696424e-07,9.54280058485056e-07,1.24028966315257e-07,-5.0806562936236e-07,-1.88620400638633e-06,0,0,0,0,0,0,0,0,0,0,0,0
0,2.39507005639911e-08,-2.39029948996528e-08,-7.07473653056516e-08,3.44355992559433e-08,1.14692780071314e-07,-2.11474913123514e-08,-1.55141308690531e-07,-2.10173946941545e-08,1.92500702883633e-07,9.00166916881423e-08,-2.27525309255204e-07,-1.76008651083746e-07,2.60373185523291e-07,2.61972737805523e-07,-2.89963134042176e-07,-3.26182519108817e-07,3.13950933484634e-07,3.47105202403099e-07,-3.29355146658015e-07,-3.10782669419098e-07,3.33898496151323e-07,2.19474298761757e-07,-3.2856299288586e-07,-9.86176404131562e-08,3.21860495852658e-07,-2.18800555532116e-09,-3.34086664898701e-07,1.86654366931388e-08,3.93974930900035e-07,1.04449697862617e-07,-5.13399015387317e-07,-3.72565906471131e-07,6.29341956631194e-07,6.84166637943779e-07,-5.35795145430612e-07,-7.82333632681782e-07,-9.32996557146331e-08,3.27318382465186e-07,1.4323943253605e-06,0,0,0,0,0,0,0,0,0,0,0
0,-6.04149910031458e-08,-9.3947016911774e-08,1.69843702226766e-07,1.81950739470061e-07,-2.47026410098447e-07,-2.59059701372151e-07,2.76757390469587e-07,3.22014168851033e-07,-2.52415157805814e-07,-3.69403889472454e-07,1.77638491700836e-07,4.01145669091973e-07,-6.62977836672572e-08,-4.17374152851957e-07,-5.9402796918994e-08,4.17212794318255e-07,1.72536625067156e-07,-3.98316330517473e-07,-2.46473704606181e-07,3.58268081067238e-07,2.61128426410182e-07,-2.98442849338188e-07,-2.10410799879685e-07,2.29482118471749e-07,1.10304022574001e-07,-1.75278346868061e-07,-4.76267428536844e-09,1.70360870082828e-07,-3.75004072280664e-08,-2.45296561207289e-07,-5.40007075550719e-08,3.96972086645181e-07,3.00940067380077e-07,-5.45587141551178e-07,-6.08005848440729e-07,4.93128542473187e-07,7.25366440391696e-07,5.66166354101775e-08,-3.52540686938678e-07,-1.26655776785758e-06,0,0,0,0,0,0,0,0,0,0
0,-3.18284582386573e-08,5.88889923051749e-08,9.34773323956114e-08,-1.05978494297726e-07,-1.49685406981374e-07,1.31292667477195e-07,1.98524880441882e-07,-1.28331965343091e-07,-2.39868123368851e-07,9.54381357524012e-08,2.74949655604672e-07,-3.67720465187966e-08,-3.05395782286184e-07,-3.73061947954614e-08,3.32114421215424e-07,1.10886742058583e-07,-3.54440298240286e-07,-1.64790783856308e-07,3.69818241406614e-07,1.80959186072268e-07,-3.74273166845218e-07,-1.48810728560116e-07,3.64093311245431e-07,7.23272845568404e-08,-3.39312672154753e-07,2.4671252249121e-08,3.08878932128222e-07,-9.85629339065733e-08,-2.94641762161396e-07,9.50489798514469e-08,3.26339467557547e-07,2.91095017993926e-08,-4.16132514208142e-07,-2.69446584364051e-07,5.08319451036636e-07,5.27186354077721e-07,-4.30809819585617e-07,-5.85408407629976e-07,-6.02551393007522e-08,2.12130038984529e-07,9.54155845155574e-07,0,0,0,0,0,0,0,0,0
0,6.13648825092127e-08,8.51628595041251e-08,-1.75758246395428e-07,-1.64351727263789e-07,2.66119476683308e-07,2.32732913843331e-07,-3.19697319445383e-07,-2.87454759504803e-07,3.2861000648244e-07,3.27943691267912e-07,-2.91489361449278e-07,-3.55509715982957e-07,2.14461532699135e-07,3.7228055205347e-07,-1.11080426112994e-07,-3.79728888675316e-07,9.60903430089727e-10,3.77369356130728e-07,9.29846901063599e-08,-3.62471508610947e-07,-1.48726841537347e-07,3.31632718515121e-07,1.50719947741964e-07,-2.8449970693864e-07,-9.67176316049586e-08,2.28680676946355e-07,4.67878959702074e-09,-1.83204952835261e-07,8.34950826580538e-08,1.76485330815126e-07,-1.07707293367441e-07,-2.34435467227965e-07,1.28523237297604e-08,3.5560030480892e-07,2.07292523336748e-07,-4.74111467571471e-07,-4.58884380224589e-07,4.2593873009178e-07,5.34239898958059e-07,1.47669027015558e-08,-2.26563855818496e-07,-8.20590102501215e-07,0,0,0,0,0,0,0,0
0,3.09991971048242e-08,-6.69357056009818e-08,-9.09120359633086e-08,1.25490773578953e-07,1.4504430293831e-07,-1.68048279159941e-07,-1.90985275436981e-07,1.88568965910189e-07,2.28028252680824e-07,-1.83500795290402e-07,-2.57075240109094e-07,1.52774009981611e-07,2.80054409247603e-07,-1.00726455071343e-07,-2.99014077655032e-07,3.65930501303029e-08,3.15131202340664e-07,2.59842140195184e-08,-3.27891186754207e-07,-7.09795815935128e-08,3.3472513041594e-07,8.38243578993163e-08,-3.31503510320616e-07,-5.67544612356842e-08,3.14437145073707e-07,-5.50223787385891e-09,-2.83805951764268e-07,8.17789661199592e-08,2.48869774892685e-07,-1.3504923691715e-07,-2.30687528549581e-07,1.20713253175219e-07,2.55917872042946e-07,-5.83098675457925e-09,-3.33382975931897e-07,-1.99133784878343e-07,4.13158302459343e-07,4.03705413234806e-07,-3.53460512665582e-07,-4.31427672057769e-07,-2.73623384300863e-08,1.34162961835464e-07,6.11418530941622e-07,0,0,0,0,0,0,0
0,-5.24769706395506e-08,-6.92620613583043e-08,1.52097275260681e-07,1.33229697022782e-07,-2.36037472681827e-07,-1.8761165065793e-07,2.95033511556892e-07,2.29899932902064e-07,-3.21940867893548e-07,-2.59736908002365e-07,3.12998661985492e-07,2.78740091481844e-07,-2.69062484340064e-07,-2.89747409632166e-07,1.96431994982316e-07,2.95588505236012e-07,-1.06906050692151e-07,-2.97694088856189e-07,1.67843764342725e-08,2.95089776538612e-07,5.5364591321724e-08,-2.8446991868771e-07,-9.22665360403869e-08,2.61932438323874e-07,8.28126024135704e-08,-2.26408287900772e-07,-2.78677124178899e-08,1.83811837367505e-07,-5.42875654179306e-08,-1.49718721326784e-07,1.25979869734333e-07,1.47429667757286e-07,-1.36923539480971e-07,-1.98012264941834e-07,4.55629835303009e-08,2.99591707772834e-07,1.44250886795543e-07,-3.96628030465819e-07,-3.45222232646076e-07,3.5465688919411e-07,3.8754761619953e-07,-5.87849962381206e-09,-1.35342205675352e-07,-5.05997946410735e-07,0,0,0,0,0,0
0,-2.56835016756143e-08,5.68532017871537e-08,7.53480260356543e-08,-1.09130768394411e-07,-1.20186835337391e-07,1.52221968007382e-07,1.57876011396316e-07,-1.81626042129902e-07,-1.87269529324028e-07,1.93420745471424e-07,2.08549315107336e-07,-1.85103438209622e-07,-2.23081094762062e-07,1.5669234102605e-07,2.32959497387392e-07,-1.11779088078232e-07,-2.40292241594857e-07,5.80659354366422e-08,2.46349207697627e-07,-6.88214116025706e-09,-2.50794235232141e-07,-2.869583633923e-08,2.5133809240845e-07,3.71846654178072e-08,-2.44282078970875e-07,-1.30839338784206e-08,2.26452387670242e-07,-3.86823121479154e-08,-1.98684111879003e-07,9.98694068916883e-08,1.69887375015779e-07,-1.39700873385305e-07,-1.58588924649283e-07,1.22022460015604e-07,1.86460453923764e-07,-2.18291278058992e-08,-2.58414798399061e-07,-1.47758368064896e-07,3.30926678363342e-07,3.07097116370497e-07,-2.89538226072442e-07,-3.15488280198242e-07,-1.30373607546401e-09,8.52881193422706e-08,3.68281943728603e-07,0,0,0,0,0
0,3.87933661409123e-08,5.10743912402877e-08,-1.13527810759773e-07,-9.80482196815186e-08,1.79649948126677e-07,1.3751554347718e-07,-2.31377116069843e-07,-1.67345885153242e-07,2.63300033366234e-07,1.87042341320635e-07,-2.71192110813977e-07,-1.97776680547981e-07,2.53090703686902e-07,2.02023616426835e-07,-2.10370928983796e-07,-2.02778614183907e-07,1.48480228341025e-07,2.02470512777447e-07,-7.70227353828757e-08,-2.01864593231532e-07,8.94705619609449e-09,1.99431583232762e-07,4.13238676730506e-08,-1.91721703270657e-07,-6.08844643743471e-08,1.75102223393769e-07,4.23804315631432e-08,-1.48709890061349e-07,1.13238807696209e-08,1.17686052305069e-07,-8.30465817398086e-08,-9.49377995873301e-08,1.4041584091633e-07,9.91145229445131e-08,-1.42540945415162e-07,-1.4633435207376e-07,5.86238244765859e-08,2.33564224443654e-07,1.01773836429844e-07,-3.1438437804581e-07,-2.60156341567327e-07,2.81013907333484e-07,2.79007031344263e-07,-1.12746505409908e-08,-7.59189002880838e-08,-2.90488591494541e-07,0,0,0,0
0,1.86112802747861e-08,-3.83810435072569e-08,-5.47325904417624e-08,7.54075767887572e-08,8.76324259504415e-08,-1.09216010860599e-07,-1.1546405661232e-07,1.37147985551151e-07,1.36898988511726e-07,-1.5586886565362e-07,-1.51389367862525e-07,1.61974914614801e-07,1.59351518844261e-07,-1.53022268186606e-07,-1.62150881597715e-07,1.28734532992223e-07,1.61798819364941e-07,-9.20047038381411e-08,-1.60352807568786e-07,4.92618920122453e-08,1.5913118577594e-07,-9.85132287995915e-09,-1.5799266803776e-07,-1.57367414415269e-08,1.55057192140122e-07,1.86887353468309e-08,-1.47304939154048e-07,4.67534299038644e-09,1.32390786876621e-07,-4.95657385762685e-08,-1.11587048976185e-07,1.00620831863098e-07,9.2806775539844e-08,-1.3261829443726e-07,-9.11455279768552e-08,1.16319638790312e-07,1.22997441444643e-07,-3.23864706711681e-08,-1.90356039376127e-07,-1.05732357291846e-07,2.57099319657689e-07,2.29557865713212e-07,-2.32727772611729e-07,-2.28041972814489e-07,1.47701835733157e-08,5.69273236633699e-08,2.00772606607757e-07,0,0,0
0,-2.45799069138723e-08,-3.35356430804646e-08,7.26662075248913e-08,6.44216055908682e-08,-1.17306334466617e-07,-9.03434228246624e-08,1.55576017858104e-07,1.09646350742826e-07,-1.8400299882891e-07,-1.2161933438121e-07,1.98986312113581e-07,1.26674214386293e-07,-1.97575834348562e-07,-1.26322796012541e-07,1.78439624248048e-07,1.22854831497557e-07,-1.42777504413721e-07,-1.18687033127164e-07,9.4917845434465e-08,1.15493389756482e-07,-4.23535710972219e-08,-1.13401178963156e-07,-4.96968716538423e-09,1.10665252212254e-07,3.62141918268636e-08,-1.04220023649938e-07,-4.20679029989619e-08,9.12787116551861e-08,1.79255013922489e-08,-7.16943861979128e-08,3.24955138046302e-08,5.02284545992884e-08,-9.40640368285645e-08,-3.74112843541214e-08,1.39850323682213e-07,4.74884587997726e-08,-1.37031619518476e-07,-9.18999410783123e-08,6.27109277539241e-08,1.66756681179965e-07,7.09239609285446e-08,-2.34584567669379e-07,-1.94723286694981e-07,2.11203683800034e-07,1.98528037249547e-07,-7.84051018623841e-09,-4.18935511856168e-08,-1.48516951050468e-07,0,0
0,-1.14757955662929e-08,1.9180075735091e-08,3.39753004646473e-08,-3.92098133712665e-08,-5.50384226725774e-08,6.02423437582392e-08,7.35103207736254e-08,-8.12423702117206e-08,-8.81482465577678e-08,9.98719667242612e-08,9.78893686371036e-08,-1.12853841118817e-07,-1.02213705469695e-07,1.16792148209328e-07,1.01443904137037e-07,-1.09283845632377e-07,-9.68169549065107e-08,9.00250455211524e-08,9.0223377840766e-08,-6.15600245719918e-08,-8.36251622538506e-08,2.9364596734375e-08,7.83080701841352e-08,-1.08779386138127e-09,-7.42549350194353e-08,-1.50459302618613e-08,6.99945854576722e-08,1.24904927723108e-08,-6.32432963946476e-08,1.10529950461832e-08,5.24753254177312e-08,-5.12269217204772e-08,-3.91755752043527e-08,9.54310209762532e-08,2.98581949882716e-08,-1.23204471862161e-07,-3.6017953879954e-08,1.10726711310469e-07,6.9441793697609e-08,-4.24885840767751e-08,-1.30693383822953e-07,-6.89896228004668e-08,1.91569973415668e-07,1.65427221911628e-07,-1.81622906570353e-07,-1.60082258815129e-07,2.11263774739174e-08,4.20151985638114e-08,9.0870872755584e-08,0
0,1.25799501146426e-08,1.83491761468828e-08,-3.77579228362977e-08,-3.54924600057656e-08,6.27281163083016e-08,5.02404434427292e-08,-8.65687697392238e-08,-6.14999166195614e-08,1.07472365616919e-07,6.84479556857879e-08,-1.22885505837807e-07,-7.07727384269506e-08,1.29977868975957e-07,6.88860604841634e-08,-1.26358937170607e-07,-6.39703632419271e-08,1.10898133294155e-07,5.77434540623177e-08,-8.44607612917768e-08,-5.19235777185179e-08,5.03532897906221e-08,4.75326490220223e-08,-1.42906731358886e-08,-4.43242789305736e-08,-1.62360832363444e-08,4.06869201363361e-08,3.32247874292525e-08,-3.42844058798477e-08,-3.00296977365412e-08,2.34320580574613e-08,3.77541771175453e-09,-8.82136015213257e-09,4.18658608736276e-08,-5.14148678509097e-09,-9.42272260752779e-08,1.0235070861333e-08,1.3132079703773e-07,3.7016520953004e-09,-1.26756155787162e-07,-4.41438199444915e-08,6.31658913959331e-08,1.07231902191876e-07,4.64798857222144e-08,-1.64342192313598e-07,-1.42006535064398e-07,1.51113192125326e-07,1.37012672635003e-07,-1.19578246244718e-09,-2.62637315909187e-08,-5.9711189351449e-08
